5 0.052500 0.653497 0.092500 0.097184
5 0.070625 0.222525 0.128750 0.098092
5 0.069375 0.879201 0.121250 0.108992
5 0.065000 0.554496 0.107500 0.095368
5 0.069375 0.327884 0.116250 0.101726
5 0.085000 0.449137 0.147500 0.129882
5 0.071875 0.759764 0.116250 0.129882
5 0.080000 0.110354 0.132500 0.091735
5 0.160000 0.655314 0.107500 0.106267
5 0.223750 0.554950 0.197500 0.099910
5 0.193125 0.874659 0.131250 0.114441
5 0.193125 0.766576 0.121250 0.098092
5 0.201250 0.335604 0.137500 0.097184
5 0.211250 0.113987 0.157500 0.122616
5 0.220000 0.230699 0.145000 0.103542
5 0.282500 0.445504 0.242500 0.115350
5 0.271875 0.661217 0.078750 0.094460
5 0.313750 0.883288 0.147500 0.104450
5 0.320000 0.770209 0.152500 0.098092
5 0.322500 0.324705 0.147500 0.115350
5 0.330000 0.110809 0.122500 0.105359
5 0.351250 0.223433 0.152500 0.083560
5 0.410625 0.655314 0.213750 0.100817
5 0.405625 0.554041 0.113750 0.105359
5 0.440000 0.111263 0.140000 0.089919
5 0.453125 0.763851 0.123750 0.099910
5 0.523125 0.886012 0.263750 0.111717
5 0.465000 0.330155 0.137500 0.088101
5 0.460625 0.437784 0.118750 0.114442
5 0.494375 0.221163 0.118750 0.091735
5 0.545000 0.546775 0.092500 0.099909
5 0.577500 0.102634 0.152500 0.130790
5 0.576250 0.766575 0.135000 0.112625
5 0.584375 0.440508 0.138750 0.112625
5 0.583125 0.653497 0.126250 0.097184
5 0.617500 0.317893 0.162500 0.105359
5 0.603125 0.214805 0.128750 0.093551
5 0.674375 0.548593 0.133750 0.107175
5 0.698750 0.663034 0.100000 0.112625
5 0.710625 0.431881 0.118750 0.126249
5 0.710625 0.772933 0.118750 0.099909
5 0.713750 0.113533 0.112500 0.101726
5 0.713750 0.883288 0.107500 0.104450
5 0.708750 0.219346 0.092500 0.088102
5 0.791250 0.330609 0.152500 0.130791
5 0.805000 0.650318 0.137500 0.138056
5 0.808750 0.780199 0.130000 0.105359
5 0.819375 0.545867 0.123750 0.101725
5 0.825625 0.443688 0.121250 0.088101
5 0.826875 0.120800 0.103750 0.112625
5 0.828750 0.879655 0.100000 0.082652
5 0.830000 0.222525 0.097500 0.078110
