5 0.826250 0.229791 0.117500 0.116258
5 0.057500 0.899183 0.115000 0.099909
5 0.068750 0.518166 0.135000 0.108083
5 0.073125 0.120346 0.131250 0.120799
5 0.128125 0.645776 0.236250 0.132607
5 0.078125 0.778383 0.131250 0.145322
5 0.090000 0.263397 0.155000 0.156222
5 0.096875 0.395549 0.168750 0.129881
5 0.183750 0.895549 0.137500 0.110809
5 0.191875 0.781562 0.126250 0.100818
5 0.181250 0.524069 0.095000 0.096276
5 0.208750 0.138965 0.140000 0.203451
5 0.233750 0.402816 0.127500 0.122616
5 0.243125 0.266122 0.118750 0.101726
5 0.281875 0.645323 0.118750 0.124433
5 0.316875 0.892825 0.176250 0.101726
5 0.291875 0.523160 0.121250 0.112625
5 0.323125 0.777930 0.153750 0.120799
5 0.319375 0.141235 0.143750 0.191644
5 0.341875 0.272026 0.121250 0.117167
5 0.381250 0.395549 0.175000 0.084469
5 0.374375 0.653043 0.118750 0.116258
5 0.409375 0.519981 0.118750 0.126249
5 0.458750 0.776112 0.155000 0.124433
5 0.471875 0.270209 0.166250 0.158946
5 0.435625 0.898274 0.081250 0.094460
5 0.484375 0.122162 0.163750 0.122616
5 0.490000 0.636694 0.147500 0.099909
5 0.501250 0.515894 0.102500 0.107175
5 0.523750 0.891917 0.137500 0.103543
5 0.530625 0.404632 0.113750 0.120799
5 0.586875 0.773842 0.153750 0.116258
5 0.600000 0.528156 0.127500 0.118983
5 0.603750 0.114441 0.102500 0.107175
5 0.645625 0.258856 0.168750 0.181653
5 0.618750 0.410081 0.110000 0.148047
5 0.618750 0.644414 0.090000 0.115350
5 0.622500 0.886467 0.097500 0.105359
5 0.740000 0.888737 0.205000 0.109901
5 0.713125 0.774296 0.121250 0.124432
5 0.717500 0.109900 0.130000 0.107176
5 0.715000 0.525886 0.107500 0.123524
5 0.733125 0.639873 0.113750 0.120800
5 0.741250 0.407811 0.117500 0.136240
5 0.827500 0.514532 0.142500 0.118983
5 0.836250 0.769300 0.130000 0.110809
5 0.850625 0.646685 0.121250 0.130790
5 0.842500 0.107629 0.100000 0.128065
5 0.846250 0.404178 0.097500 0.119891
5 0.853750 0.887829 0.100000 0.108084
