5 0.116567 0.481875 0.140906 0.088750
5 0.116994 0.263125 0.177626 0.083750
5 0.118702 0.154062 0.165670 0.104375
5 0.118702 0.820312 0.165670 0.090625
5 0.122972 0.711875 0.165670 0.098750
5 0.124253 0.376250 0.163108 0.087500
5 0.125533 0.599688 0.160547 0.076875
5 0.130230 0.931250 0.161401 0.107500
5 0.309992 0.268437 0.170795 0.094375
5 0.316396 0.155000 0.175064 0.075000
5 0.309565 0.593125 0.156277 0.111250
5 0.312127 0.375313 0.147737 0.085625
5 0.315543 0.488125 0.154569 0.075000
5 0.322801 0.933125 0.158838 0.103750
5 0.320666 0.821875 0.149445 0.080000
5 0.321520 0.709375 0.147737 0.087500
5 0.504697 0.257500 0.163962 0.088750
5 0.504697 0.481875 0.163962 0.093750
5 0.505978 0.816250 0.161400 0.088750
5 0.509394 0.154062 0.168232 0.096875
5 0.510247 0.595625 0.156277 0.098750
5 0.510675 0.707812 0.152007 0.090625
5 0.500000 0.377188 0.125534 0.085625
5 0.514090 0.927812 0.145175 0.090625
5 0.689154 0.260938 0.158839 0.085625
5 0.691290 0.706875 0.163109 0.078750
5 0.699402 0.367812 0.165670 0.100625
5 0.699402 0.820312 0.165670 0.094375
5 0.699402 0.931250 0.165670 0.093750
5 0.692571 0.490625 0.146883 0.097500
5 0.698549 0.598125 0.158839 0.083750
5 0.698549 0.153125 0.145175 0.092500
5 0.875747 0.486563 0.187020 0.095625
5 0.882579 0.814375 0.168232 0.098750
5 0.888984 0.148125 0.165670 0.088750
5 0.885141 0.269375 0.154568 0.085000
5 0.885995 0.591562 0.156276 0.086875
5 0.885141 0.375938 0.149445 0.090625
5 0.891118 0.706562 0.137489 0.095625
5 0.893254 0.935000 0.138343 0.083750
