5 0.801491 0.460938 0.328052 0.140625
5 0.099721 0.338438 0.199441 0.100625
5 0.126282 0.459062 0.252563 0.136875
5 0.155639 0.137813 0.311277 0.126875
5 0.082479 0.255625 0.157502 0.098750
5 0.152377 0.771562 0.217149 0.123125
5 0.186860 0.570000 0.260019 0.102500
5 0.185462 0.687188 0.210625 0.104375
5 0.211090 0.853437 0.185461 0.119375
5 0.247903 0.253125 0.167754 0.131250
5 0.306151 0.348750 0.204100 0.103750
5 0.354613 0.149062 0.163094 0.086875
5 0.466915 0.465000 0.326188 0.141250
5 0.463187 0.846875 0.303821 0.120000
5 0.464120 0.709375 0.305685 0.168750
5 0.461790 0.588750 0.295433 0.106250
5 0.411929 0.244688 0.165890 0.104375
5 0.479497 0.335313 0.142591 0.104375
5 0.564771 0.120938 0.262815 0.123125
5 0.597857 0.237813 0.252563 0.131875
5 0.648182 0.343125 0.142591 0.102500
5 0.707828 0.876562 0.246971 0.104375
5 0.717614 0.789375 0.216216 0.111250
5 0.754893 0.587187 0.264678 0.109375
5 0.743243 0.701563 0.226468 0.123125
5 0.832712 0.123125 0.308480 0.148750
5 0.849953 0.344687 0.236719 0.119375
5 0.873252 0.238750 0.210625 0.098750
5 0.890960 0.847500 0.165890 0.148750
5 0.906338 0.708438 0.135135 0.113125
5 0.910532 0.609375 0.132339 0.106250
