5 0.597500 0.712917 0.246250 0.264167
5 0.236250 0.714584 0.462500 0.349167
5 0.146563 0.427500 0.174375 0.220000
5 0.178750 0.185000 0.195000 0.193334
5 0.303750 0.489583 0.157500 0.162500
5 0.316562 0.345000 0.149375 0.113334
5 0.394687 0.179583 0.174375 0.189167
5 0.491875 0.395000 0.192500 0.175000
5 0.615000 0.180416 0.160000 0.145833
5 0.668438 0.485417 0.145625 0.142500
5 0.653438 0.334583 0.098125 0.140833
5 0.842812 0.434584 0.261875 0.244167
5 0.815000 0.186250 0.152500 0.182500
5 0.870313 0.715000 0.249375 0.258334
