5 0.381848 0.117303 0.172277 0.120810
5 0.091089 0.351130 0.155776 0.109899
5 0.098350 0.137569 0.155776 0.128605
5 0.062046 0.272408 0.080528 0.060015
5 0.125413 0.784100 0.195379 0.219797
5 0.051815 0.628215 0.045544 0.081060
5 0.126073 0.531957 0.194059 0.225253
5 0.247854 0.775136 0.349175 0.229930
5 0.237293 0.502728 0.308251 0.218238
5 0.257096 0.271629 0.318812 0.223694
5 0.197690 0.355417 0.077228 0.067030
5 0.233333 0.112627 0.119472 0.089633
5 0.314852 0.345674 0.084489 0.078722
5 0.364027 0.538971 0.177557 0.214342
5 0.393069 0.805534 0.174917 0.197194
5 0.406930 0.347233 0.135313 0.130164
5 0.426073 0.653157 0.118152 0.102884
5 0.432674 0.256431 0.090429 0.079501
5 0.554785 0.248636 0.163037 0.232268
5 0.553795 0.827747 0.155775 0.146531
5 0.542244 0.583788 0.118152 0.098208
5 0.540925 0.091192 0.111551 0.063913
5 0.543894 0.678488 0.114851 0.091192
5 0.544555 0.365160 0.113531 0.108340
5 0.550165 0.498831 0.119472 0.102884
5 0.577228 0.754092 0.106271 0.074046
5 0.712541 0.229541 0.362376 0.228371
5 0.583168 0.419720 0.082508 0.072487
5 0.716831 0.668745 0.271947 0.185502
5 0.731353 0.827748 0.228383 0.155885
5 0.718482 0.505456 0.200000 0.141076
5 0.720462 0.388542 0.203960 0.127046
5 0.714851 0.101325 0.168977 0.081060
5 0.885808 0.257209 0.150495 0.212003
5 0.847525 0.874903 0.055446 0.030397
5 0.892409 0.436866 0.145214 0.106781
5 0.897690 0.524162 0.141254 0.092752
5 0.906270 0.722915 0.132013 0.088074
5 0.906271 0.803586 0.126733 0.095089
5 0.914852 0.616524 0.114851 0.104443
5 0.918482 0.093141 0.078548 0.061574
5 0.898020 0.874903 0.034984 0.027279
5 0.931023 0.346843 0.074588 0.084178
5 0.943234 0.876852 0.040924 0.031177
