5 0.230449 0.174063 0.153078 0.098125
5 0.248752 0.645625 0.136440 0.098750
5 0.247920 0.343125 0.129784 0.093750
5 0.284526 0.495312 0.179700 0.095625
5 0.337770 0.251563 0.131447 0.085625
5 0.400166 0.385000 0.111481 0.088750
5 0.411814 0.580625 0.124792 0.088750
5 0.419717 0.681250 0.113976 0.061250
5 0.490017 0.169687 0.186356 0.085625
5 0.528703 0.290937 0.172213 0.123125
5 0.549085 0.485000 0.104826 0.047500
5 0.593594 0.579063 0.097338 0.081875
5 0.604825 0.390000 0.119800 0.088750
5 0.599001 0.675312 0.099833 0.063125
5 0.670965 0.249062 0.097338 0.070625
5 0.753744 0.550000 0.181364 0.116250
5 0.757072 0.172187 0.161397 0.114375
5 0.772047 0.314688 0.118137 0.054375
5 0.777870 0.421563 0.124792 0.086875
5 0.801581 0.658438 0.132279 0.066875
