5 0.412000 0.672924 0.150000 0.080866
5 0.104500 0.178339 0.055000 0.056317
5 0.147000 0.566787 0.140000 0.064982
5 0.138000 0.659567 0.116000 0.096029
5 0.146500 0.092780 0.133000 0.059928
5 0.129500 0.332852 0.091000 0.076534
5 0.127500 0.248736 0.081000 0.052707
5 0.156000 0.872202 0.138000 0.116968
5 0.120500 0.497473 0.057000 0.063538
5 0.182000 0.768592 0.180000 0.087364
5 0.151000 0.418772 0.114000 0.073647
5 0.173500 0.173646 0.069000 0.049820
5 0.202000 0.247292 0.060000 0.042599
5 0.215000 0.493141 0.080000 0.051986
5 0.241500 0.331408 0.095000 0.073646
5 0.241000 0.170036 0.090000 0.059928
5 0.265000 0.657039 0.110000 0.083755
5 0.248500 0.090253 0.071000 0.064982
5 0.283000 0.873285 0.126000 0.104693
5 0.261500 0.415162 0.079000 0.070759
5 0.261500 0.577256 0.079000 0.038267
5 0.295500 0.250541 0.095000 0.056317
5 0.298000 0.493141 0.066000 0.062094
5 0.329000 0.771119 0.100000 0.092419
5 0.335000 0.085920 0.098000 0.093863
5 0.345500 0.333935 0.095000 0.058484
5 0.350500 0.571842 0.105000 0.037545
5 0.334000 0.168953 0.048000 0.044766
5 0.363500 0.416967 0.079000 0.070037
5 0.443000 0.874729 0.224000 0.090253
5 0.378000 0.493141 0.064000 0.051986
5 0.386000 0.250541 0.066000 0.056317
5 0.426500 0.168953 0.095000 0.047654
5 0.434500 0.771119 0.097000 0.082310
5 0.444500 0.572925 0.093000 0.042599
5 0.446500 0.085920 0.097000 0.083755
5 0.463000 0.331769 0.088000 0.068592
5 0.472500 0.492058 0.083000 0.059928
5 0.471500 0.416245 0.071000 0.068593
5 0.498500 0.255957 0.121000 0.059928
5 0.527500 0.178340 0.083000 0.036101
5 0.547500 0.768231 0.091000 0.083754
5 0.531000 0.568592 0.052000 0.051264
5 0.607000 0.094585 0.204000 0.101083
5 0.558500 0.663898 0.093000 0.094585
5 0.563000 0.334296 0.068000 0.063538
5 0.572500 0.416606 0.079000 0.063537
5 0.577000 0.494224 0.088000 0.067148
5 0.609500 0.877256 0.095000 0.089531
5 0.625000 0.576173 0.116000 0.056318
5 0.599500 0.256678 0.057000 0.051263
5 0.623500 0.175090 0.085000 0.035379
5 0.645000 0.774369 0.090000 0.098917
5 0.672000 0.661372 0.102000 0.082310
5 0.665000 0.335740 0.074000 0.054874
5 0.664000 0.416606 0.066000 0.063537
5 0.676000 0.249819 0.062000 0.064981
5 0.685500 0.501083 0.081000 0.053430
5 0.696000 0.180145 0.060000 0.029603
5 0.753000 0.882672 0.154000 0.096029
5 0.722000 0.572202 0.050000 0.051264
5 0.787500 0.775451 0.167000 0.083755
5 0.792000 0.251264 0.162000 0.075091
5 0.750500 0.339711 0.069000 0.059928
5 0.755500 0.416968 0.055000 0.049819
5 0.767000 0.097112 0.078000 0.068592
5 0.770500 0.496390 0.081000 0.058484
5 0.762500 0.176895 0.055000 0.038989
5 0.796000 0.664621 0.116000 0.106138
5 0.829000 0.578700 0.122000 0.051263
5 0.822000 0.177617 0.050000 0.030325
5 0.837500 0.417690 0.067000 0.051263
5 0.841000 0.093863 0.064000 0.054874
5 0.846500 0.333935 0.071000 0.058484
5 0.884000 0.496029 0.126000 0.063538
5 0.903000 0.877979 0.126000 0.101083
5 0.904000 0.671841 0.114000 0.096029
5 0.878000 0.180145 0.038000 0.039711
5 0.925000 0.766787 0.100000 0.083754
5 0.918000 0.420216 0.076000 0.046209
5 0.924000 0.252346 0.078000 0.077257
5 0.918000 0.092058 0.052000 0.058484
5 0.923000 0.581588 0.062000 0.057039
5 0.926500 0.335379 0.069000 0.051264
5 0.937000 0.175812 0.052000 0.041155
