5 0.800000 0.206176 0.107500 0.099909
5 0.091875 0.123978 0.091250 0.086285
5 0.121250 0.357403 0.150000 0.131699
5 0.103750 0.594460 0.105000 0.095367
5 0.105000 0.489555 0.107500 0.101726
5 0.134375 0.846957 0.166250 0.137148
5 0.105000 0.229337 0.102500 0.097184
5 0.113750 0.713896 0.095000 0.090827
5 0.198750 0.126703 0.132500 0.099000
5 0.273750 0.485014 0.207500 0.096276
5 0.217500 0.603088 0.090000 0.078110
5 0.234375 0.707085 0.123750 0.080835
5 0.231250 0.230245 0.102500 0.108084
5 0.286875 0.353769 0.146250 0.117166
5 0.305625 0.838329 0.166250 0.119891
5 0.318750 0.592189 0.107500 0.079928
5 0.328125 0.117167 0.126250 0.092643
5 0.396250 0.707085 0.195000 0.080835
5 0.361875 0.225704 0.116250 0.089918
5 0.429375 0.594460 0.128750 0.091735
5 0.446250 0.123524 0.115000 0.101726
5 0.458125 0.349228 0.138750 0.126248
5 0.474375 0.837421 0.156250 0.118075
5 0.468750 0.485014 0.125000 0.089010
5 0.510000 0.223888 0.137500 0.086285
5 0.563750 0.115350 0.130000 0.096276
5 0.569375 0.714804 0.128750 0.092643
5 0.565000 0.593097 0.115000 0.101726
5 0.586250 0.474569 0.110000 0.089919
5 0.630625 0.354678 0.168750 0.115349
5 0.663750 0.836512 0.197500 0.159855
5 0.653125 0.224796 0.118750 0.084469
5 0.698125 0.707085 0.133750 0.095367
5 0.696875 0.603997 0.126250 0.110809
5 0.695625 0.113079 0.118750 0.091734
5 0.710000 0.482743 0.095000 0.091734
5 0.791875 0.361036 0.153750 0.120799
5 0.803750 0.839692 0.130000 0.091735
5 0.821875 0.109900 0.128750 0.107176
5 0.818125 0.599455 0.111250 0.105358
5 0.825625 0.711172 0.111250 0.099909
5 0.822500 0.480927 0.097500 0.091735
