5 0.415600 0.115000 0.239200 0.171250
5 0.188400 0.525625 0.288800 0.201250
5 0.153200 0.885938 0.200800 0.146875
5 0.172000 0.710625 0.238400 0.172500
5 0.164400 0.317812 0.210400 0.193125
5 0.172800 0.130000 0.222400 0.170000
5 0.382800 0.311875 0.218400 0.187500
5 0.404800 0.883437 0.240000 0.169375
5 0.435600 0.516875 0.200800 0.171250
5 0.520800 0.695625 0.257600 0.145000
5 0.621600 0.319688 0.244800 0.196875
5 0.655200 0.510938 0.203200 0.165625
5 0.664000 0.885000 0.177600 0.138750
5 0.676000 0.130000 0.201600 0.190000
5 0.859600 0.707500 0.228000 0.182500
5 0.871600 0.301875 0.216800 0.205000
5 0.871600 0.513750 0.199200 0.181250
5 0.884800 0.121250 0.203200 0.135000
5 0.894400 0.889375 0.184000 0.147500
