5 0.838750 0.376667 0.192500 0.225000
5 0.211250 0.638333 0.246250 0.253333
5 0.171250 0.381250 0.161250 0.227500
5 0.144687 0.852917 0.090625 0.092500
5 0.134375 0.222083 0.048750 0.084167
5 0.173750 0.959584 0.117500 0.079167
5 0.281875 0.131250 0.312500 0.262500
5 0.355313 0.905417 0.201875 0.187500
5 0.371563 0.400000 0.184375 0.193334
5 0.408125 0.677500 0.162500 0.161666
5 0.431562 0.224584 0.074375 0.069167
5 0.597500 0.376666 0.168750 0.153333
5 0.579688 0.577500 0.099375 0.120000
5 0.595000 0.806666 0.130000 0.151667
5 0.634375 0.132916 0.203750 0.265833
5 0.598125 0.985417 0.113750 0.027500
5 0.744063 0.585000 0.105625 0.150000
5 0.835000 0.801250 0.236250 0.247500
5 0.804063 0.972500 0.169375 0.053334
5 0.907500 0.600834 0.120000 0.118333
