5 0.737500 0.811989 0.232500 0.212534
5 0.112500 0.569028 0.167500 0.093551
5 0.150625 0.138964 0.233750 0.121707
5 0.081875 0.266122 0.086250 0.098093
5 0.106250 0.367847 0.102500 0.119891
5 0.093750 0.479564 0.062500 0.107176
5 0.105625 0.650318 0.086250 0.079928
5 0.191250 0.812443 0.242500 0.231608
5 0.183750 0.475022 0.100000 0.085377
5 0.191875 0.258402 0.116250 0.113533
5 0.214375 0.361036 0.128750 0.108083
5 0.223125 0.649409 0.126250 0.063579
5 0.245625 0.568120 0.108750 0.088102
5 0.278125 0.475931 0.116250 0.096276
5 0.310625 0.138056 0.121250 0.132607
5 0.313125 0.250227 0.116250 0.122616
5 0.329375 0.365123 0.118750 0.103542
5 0.366875 0.644414 0.166250 0.080836
5 0.391875 0.569028 0.158750 0.086285
5 0.461875 0.813351 0.286250 0.253406
5 0.381250 0.470027 0.110000 0.095368
5 0.480625 0.244323 0.223750 0.110809
5 0.451875 0.135331 0.121250 0.103543
5 0.522500 0.365577 0.260000 0.117166
5 0.505000 0.477747 0.185000 0.099909
5 0.532500 0.643960 0.145000 0.067212
5 0.527500 0.563125 0.107500 0.094459
5 0.570625 0.140782 0.121250 0.099909
5 0.634375 0.553588 0.121250 0.082652
5 0.665000 0.261580 0.140000 0.130790
5 0.656875 0.472298 0.118750 0.079928
5 0.689375 0.645776 0.173750 0.078111
5 0.692500 0.137148 0.120000 0.110808
5 0.709375 0.369664 0.108750 0.094460
5 0.733750 0.559491 0.102500 0.081744
5 0.751250 0.474568 0.097500 0.088101
5 0.818750 0.256585 0.137500 0.128066
5 0.816250 0.133969 0.127500 0.120800
5 0.826875 0.370572 0.136250 0.099909
5 0.824375 0.556766 0.126250 0.099909
5 0.836250 0.647139 0.107500 0.089918
5 0.840000 0.472298 0.095000 0.083560
