5 0.653125 0.729166 0.157500 0.178333
5 0.153750 0.562084 0.102500 0.120833
5 0.182188 0.424166 0.084375 0.083333
5 0.207500 0.721250 0.121250 0.145834
5 0.199687 0.182083 0.083125 0.064167
5 0.233750 0.300000 0.088750 0.100000
5 0.269375 0.561666 0.087500 0.096667
5 0.265000 0.855417 0.071250 0.067500
5 0.303750 0.181250 0.081250 0.079166
5 0.315937 0.425000 0.093125 0.098334
5 0.321875 0.072916 0.076250 0.069167
5 0.353437 0.712500 0.126875 0.118334
5 0.392500 0.298334 0.115000 0.106667
5 0.381250 0.565416 0.083750 0.089167
5 0.385000 0.854583 0.068750 0.065833
5 0.414687 0.180417 0.086875 0.077500
5 0.431563 0.079584 0.094375 0.089167
5 0.443125 0.010417 0.078750 0.020833
5 0.449375 0.437917 0.081250 0.082500
5 0.498750 0.718750 0.110000 0.120834
5 0.489687 0.561250 0.070625 0.070834
5 0.510938 0.855000 0.061875 0.055000
5 0.534687 0.185416 0.089375 0.084167
5 0.560937 0.312084 0.135625 0.120833
5 0.554688 0.077083 0.093125 0.080833
5 0.551562 0.010417 0.081875 0.020833
5 0.575625 0.437917 0.080000 0.075833
5 0.584063 0.563334 0.058125 0.051667
5 0.633750 0.857917 0.072500 0.072500
5 0.655000 0.183750 0.088750 0.084166
5 0.679063 0.084166 0.100625 0.091667
5 0.677500 0.569583 0.070000 0.057500
5 0.703437 0.447500 0.090625 0.088334
5 0.745000 0.315416 0.116250 0.140833
5 0.745938 0.854584 0.066875 0.075833
5 0.763437 0.190833 0.086875 0.085000
5 0.776875 0.577083 0.077500 0.079167
5 0.796875 0.718750 0.117500 0.120834
5 0.830625 0.450000 0.078750 0.093334
5 0.876563 0.572917 0.056875 0.067500
