5 0.352222 0.243264 0.266667 0.137028
5 0.162778 0.545420 0.174444 0.114703
5 0.216111 0.833333 0.270000 0.224019
5 0.157778 0.258660 0.148889 0.115473
5 0.166666 0.671671 0.166667 0.113164
5 0.186112 0.129715 0.201111 0.083911
5 0.190000 0.404542 0.184444 0.136258
5 0.398334 0.546189 0.336667 0.154735
5 0.337778 0.680139 0.155556 0.113164
5 0.379445 0.133180 0.225555 0.143187
5 0.412777 0.403772 0.203333 0.143957
5 0.446667 0.831794 0.180000 0.157814
5 0.490000 0.674365 0.153334 0.129330
5 0.609445 0.128946 0.287777 0.154735
5 0.598889 0.258661 0.173334 0.107775
5 0.598889 0.402232 0.153334 0.143957
5 0.641112 0.847959 0.168889 0.108545
5 0.664444 0.540415 0.191111 0.101617
5 0.684445 0.663973 0.191111 0.159353
5 0.795000 0.410701 0.303334 0.199385
5 0.843334 0.259431 0.271111 0.120093
5 0.863333 0.846036 0.240000 0.118553
5 0.856112 0.536952 0.181111 0.136259
5 0.878333 0.696690 0.181111 0.132410
5 0.886666 0.131639 0.164445 0.132409
