5 0.567187 0.805347 0.166875 0.152908
5 0.385937 0.789869 0.146875 0.153846
5 0.365000 0.396811 0.102500 0.136961
5 0.398750 0.578799 0.167500 0.234522
5 0.376250 0.291276 0.092500 0.128518
5 0.372500 0.205441 0.061250 0.088180
5 0.452500 0.799718 0.037500 0.049719
5 0.480000 0.438086 0.087500 0.138837
5 0.490938 0.330675 0.075625 0.115385
5 0.509687 0.231707 0.064375 0.093809
5 0.576250 0.625703 0.141250 0.202627
5 0.585312 0.476548 0.125625 0.146342
5 0.598750 0.346154 0.098750 0.146342
5 0.600000 0.237336 0.062500 0.082552
