5 0.191815 0.213258 0.223359 0.098812
5 0.169224 0.482489 0.174766 0.100688
5 0.158994 0.742965 0.130434 0.068793
5 0.224212 0.927455 0.247229 0.085053
5 0.188406 0.600375 0.165388 0.107567
5 0.158994 0.377424 0.103154 0.044403
5 0.191816 0.116636 0.134698 0.061913
5 0.238278 0.826767 0.157716 0.098812
5 0.251918 0.315823 0.149190 0.065041
5 0.365302 0.713884 0.333333 0.123202
5 0.332481 0.393683 0.127877 0.080675
5 0.359335 0.114134 0.157716 0.090682
5 0.349105 0.509694 0.123614 0.107567
5 0.359335 0.625078 0.116794 0.068168
5 0.405797 0.239212 0.196078 0.095684
5 0.471014 0.844591 0.213981 0.096935
5 0.520887 0.479049 0.254049 0.200125
5 0.485081 0.341463 0.158568 0.075047
5 0.517903 0.118199 0.116794 0.088806
5 0.517477 0.605379 0.102301 0.066291
5 0.517477 0.532833 0.069907 0.033772
5 0.571185 0.756723 0.163682 0.085054
5 0.582694 0.242339 0.074168 0.044402
5 0.613384 0.672921 0.116795 0.065041
5 0.643223 0.603502 0.111679 0.042526
5 0.649190 0.139775 0.118500 0.059412
5 0.676045 0.851157 0.139813 0.083802
5 0.664536 0.338024 0.084399 0.054409
5 0.736573 0.431207 0.196078 0.086930
5 0.751918 0.528768 0.216539 0.090682
5 0.705457 0.241088 0.077579 0.090682
5 0.784314 0.757348 0.221654 0.117573
5 0.786871 0.650719 0.146633 0.085678
5 0.799659 0.130394 0.172208 0.081926
5 0.802643 0.237336 0.104859 0.085678
5 0.819266 0.908693 0.127877 0.075046
5 0.813725 0.334585 0.111679 0.085053
