31 0.169063 0.466006 0.118125 0.106705
31 0.045625 0.313503 0.051250 0.073655
31 0.072813 0.337583 0.061875 0.080265
31 0.070312 0.390935 0.045625 0.054768
31 0.105937 0.289424 0.033125 0.048158
31 0.210625 0.651086 0.221250 0.169028
31 0.124688 0.333334 0.036875 0.075543
31 0.165000 0.354108 0.046250 0.058546
31 0.233750 0.403211 0.098750 0.098206
31 0.199688 0.326251 0.025625 0.048159
31 0.256875 0.382436 0.101250 0.071766
31 0.328437 0.472143 0.029375 0.054769
31 0.329688 0.367800 0.031875 0.046270
31 0.343750 0.420207 0.037500 0.069877
31 0.387500 0.372521 0.055000 0.055713
31 0.405312 0.423513 0.049375 0.053824
31 0.417500 0.535883 0.056250 0.127478
31 0.445000 0.423985 0.060000 0.073654
31 0.490000 0.402266 0.055000 0.088763
31 0.593125 0.434372 0.036250 0.086874
31 0.630000 0.523607 0.051250 0.059490
31 0.707500 0.487725 0.055000 0.057601
