31 0.777813 0.571250 0.106875 0.125834
31 0.086875 0.313333 0.115000 0.061667
31 0.081875 0.410000 0.078750 0.113334
31 0.153750 0.231667 0.081250 0.095000
31 0.226250 0.452084 0.115000 0.084167
31 0.305000 0.310833 0.083750 0.088333
31 0.340625 0.647084 0.090000 0.075833
31 0.383437 0.477083 0.093125 0.117500
31 0.405937 0.570833 0.138125 0.088333
31 0.402188 0.370416 0.099375 0.124167
31 0.422500 0.745000 0.122500 0.108334
31 0.476250 0.630834 0.092500 0.108333
31 0.874062 0.219584 0.250625 0.325833
