31 0.247500 0.835835 0.088750 0.204502
31 0.053750 0.715760 0.107500 0.090056
31 0.064375 0.595685 0.060000 0.065666
31 0.112500 0.506097 0.043750 0.047843
31 0.174687 0.666511 0.149375 0.096623
31 0.154062 0.554409 0.080625 0.075046
31 0.261250 0.472326 0.051250 0.064728
31 0.311250 0.692308 0.141250 0.090056
31 0.327187 0.599438 0.075625 0.076923
31 0.343750 0.463884 0.065000 0.044090
31 0.340000 0.415572 0.035000 0.031895
31 0.405938 0.549250 0.091875 0.053471
31 0.379063 0.410882 0.020625 0.022514
31 0.418750 0.462008 0.048750 0.040337
31 0.440312 0.501407 0.025625 0.038462
31 0.484688 0.724202 0.078125 0.103189
31 0.495938 0.641651 0.076875 0.084428
31 0.532188 0.571295 0.083125 0.063789
31 0.548750 0.474202 0.070000 0.034709
31 0.617812 0.525798 0.119375 0.045967
31 0.585313 0.446060 0.043125 0.044090
31 0.672500 0.445122 0.046250 0.030956
31 0.678125 0.497655 0.037500 0.038462
31 0.697500 0.612571 0.067500 0.073171
31 0.765938 0.614447 0.056875 0.065667
31 0.756563 0.458724 0.029375 0.022514
31 0.764063 0.422607 0.029375 0.030957
31 0.819687 0.467636 0.030625 0.029080
31 0.874375 0.512664 0.052500 0.057223
