31 0.562812 0.815000 0.113125 0.108334
31 0.048125 0.504583 0.096250 0.089167
31 0.086250 0.670833 0.067500 0.115000
31 0.113437 0.236667 0.056875 0.098333
31 0.191875 0.761667 0.038750 0.108333
31 0.215312 0.420000 0.044375 0.100000
31 0.246875 0.582083 0.066250 0.137500
31 0.293438 0.691250 0.111875 0.064166
31 0.289687 0.764166 0.091875 0.103333
31 0.281250 0.322083 0.065000 0.120833
31 0.312188 0.501250 0.100625 0.069166
31 0.362187 0.647500 0.060625 0.120000
31 0.370312 0.371667 0.025625 0.055000
31 0.416250 0.735000 0.107500 0.155000
31 0.421875 0.555833 0.067500 0.103333
31 0.412500 0.955000 0.035000 0.088334
31 0.418125 0.204167 0.038750 0.108333
31 0.432188 0.410417 0.066875 0.139167
31 0.456875 0.771666 0.092500 0.061667
31 0.474688 0.605417 0.059375 0.129167
31 0.495625 0.954167 0.075000 0.090000
31 0.481250 0.119583 0.041250 0.135833
31 0.564062 0.451250 0.113125 0.082500
31 0.544063 0.168750 0.036875 0.040834
31 0.555312 0.540000 0.059375 0.108334
31 0.590000 0.625833 0.118750 0.115000
31 0.555625 0.297500 0.025000 0.055000
31 0.567187 0.351250 0.024375 0.089166
31 0.654687 0.950000 0.054375 0.098334
31 0.649375 0.290834 0.036250 0.116667
31 0.679063 0.080834 0.085625 0.068333
31 0.684375 0.178334 0.082500 0.091667
31 0.705625 0.415000 0.030000 0.065000
31 0.765000 0.821667 0.042500 0.161667
31 0.841875 0.662917 0.090000 0.140833
31 0.837813 0.443333 0.051875 0.140000
31 0.967812 0.911667 0.063125 0.150000
31 0.985313 0.396250 0.028125 0.085834
