31 0.931640 0.824063 0.063281 0.097944
31 0.111328 0.708585 0.025781 0.036276
31 0.122265 0.295647 0.035157 0.068924
31 0.145703 0.698308 0.042968 0.039903
31 0.196485 0.729746 0.033593 0.037484
31 0.200390 0.682588 0.025781 0.047159
31 0.273047 0.289601 0.055469 0.047158
31 0.277734 0.707981 0.025781 0.037485
31 0.318360 0.535067 0.027343 0.032649
31 0.368750 0.452237 0.093750 0.058042
31 0.516797 0.672914 0.027344 0.059250
31 0.614062 0.674123 0.023437 0.030230
31 0.654297 0.247884 0.030468 0.074970
31 0.677344 0.688029 0.031250 0.058042
31 0.740625 0.731560 0.039062 0.045949
31 0.812110 0.802297 0.032031 0.059251
31 0.830078 0.670496 0.027344 0.039903
31 0.845313 0.758767 0.037499 0.051995
