31 0.060000 0.574682 0.095000 0.153602
31 0.127812 0.896716 0.120625 0.109110
31 0.118438 0.680614 0.036875 0.115466
31 0.141250 0.590572 0.055000 0.113348
31 0.153438 0.481991 0.040625 0.086865
31 0.184375 0.764831 0.102500 0.101695
31 0.180312 0.580508 0.033125 0.084745
31 0.210000 0.831038 0.061250 0.126060
31 0.221875 0.537076 0.047500 0.118644
31 0.298438 0.549258 0.086875 0.130297
31 0.304063 0.680614 0.098125 0.102755
31 0.329688 0.545022 0.078125 0.117585
31 0.351562 0.733581 0.093125 0.113347
31 0.407500 0.536017 0.102500 0.074152
31 0.446875 0.597988 0.063750 0.132415
31 0.531250 0.492585 0.100000 0.169492
31 0.559063 0.761123 0.104375 0.136652
31 0.561562 0.552436 0.065625 0.115466
31 0.598750 0.405720 0.060000 0.078390
31 0.646875 0.554555 0.048750 0.098517
31 0.697500 0.790784 0.108750 0.132416
31 0.675625 0.705508 0.057500 0.161017
31 0.712813 0.588454 0.073125 0.126059
31 0.810000 0.712924 0.057500 0.184322
31 0.878750 0.695445 0.092500 0.145127
31 0.884375 0.625529 0.057500 0.126059
