31 0.042188 0.933984 0.084375 0.130469
31 0.095312 0.674610 0.088125 0.044531
31 0.175000 0.902344 0.148750 0.142187
31 0.138750 0.556640 0.042500 0.025781
31 0.237500 0.587109 0.053750 0.055469
31 0.293125 0.540625 0.057500 0.048438
31 0.318750 0.482032 0.053750 0.034375
31 0.332187 0.685938 0.075625 0.053125
31 0.395000 0.478906 0.055000 0.031250
31 0.548125 0.773828 0.111250 0.060156
31 0.688750 0.418750 0.056250 0.051562
31 0.839063 0.784766 0.139375 0.094531
31 0.846250 0.444141 0.027500 0.041406
31 0.972813 0.816406 0.053125 0.121875
