31 0.030000 0.399434 0.060000 0.141643
31 0.104063 0.428706 0.075625 0.145420
31 0.200313 0.448065 0.070625 0.140699
31 0.230312 0.246459 0.076875 0.071766
31 0.345625 0.501416 0.148750 0.147309
31 0.417500 0.396601 0.120000 0.135977
31 0.520625 0.471671 0.162500 0.153919
31 0.505625 0.341360 0.048750 0.121813
31 0.550000 0.346081 0.103750 0.097262
31 0.651875 0.460340 0.148750 0.119924
31 0.640313 0.217658 0.061875 0.110482
31 0.762813 0.324834 0.111875 0.096317
31 0.975625 0.381492 0.047500 0.073654
