70 0.416250 0.839167 0.122500 0.165000
70 0.023750 0.840417 0.047500 0.117500
70 0.026875 0.295834 0.053750 0.158333
70 0.029375 0.915417 0.058750 0.064167
70 0.030312 0.314166 0.060625 0.108333
70 0.039062 0.475833 0.078125 0.146667
70 0.063125 0.695417 0.113750 0.172500
70 0.103438 0.934584 0.135625 0.129167
70 0.127500 0.210833 0.170000 0.150000
70 0.117188 0.445000 0.146875 0.195000
70 0.160000 0.311667 0.080000 0.113333
70 0.245000 0.360000 0.150000 0.148334
70 0.251563 0.600000 0.160625 0.170000
70 0.270937 0.889167 0.071875 0.105000
70 0.326250 0.169583 0.113750 0.190833
70 0.330313 0.920416 0.108125 0.105833
70 0.407813 0.059166 0.146875 0.118333
70 0.415000 0.415000 0.107500 0.123334
70 0.453750 0.542083 0.076250 0.082500
70 0.450625 0.972084 0.041250 0.054167
70 0.479375 0.645833 0.083750 0.145000
70 0.502500 0.086250 0.117500 0.137500
70 0.506875 0.986250 0.076250 0.025834
70 0.533750 0.616250 0.055000 0.079166
70 0.553750 0.741250 0.087500 0.112500
70 0.552188 0.070416 0.059375 0.140833
70 0.562812 0.540000 0.044375 0.143334
70 0.600938 0.955834 0.081875 0.086667
70 0.640937 0.362500 0.123125 0.156666
70 0.637813 0.495000 0.105625 0.170000
70 0.652187 0.108334 0.134375 0.161667
70 0.646875 0.243750 0.113750 0.119166
70 0.654687 0.880833 0.098125 0.091667
70 0.668750 0.921250 0.080000 0.150834
70 0.672813 0.634583 0.056875 0.077500
70 0.728750 0.327083 0.078750 0.137500
70 0.751875 0.492500 0.107500 0.103334
70 0.756563 0.768750 0.113125 0.122500
70 0.731563 0.431250 0.055625 0.067500
70 0.742812 0.590417 0.065625 0.127500
70 0.757812 0.961250 0.093125 0.075834
70 0.793438 0.595834 0.055625 0.106667
70 0.807500 0.351250 0.050000 0.144166
70 0.825625 0.146250 0.078750 0.114166
70 0.873437 0.938750 0.120625 0.120834
70 0.876250 0.730417 0.081250 0.182500
70 0.892813 0.244167 0.091875 0.110000
70 0.928125 0.552083 0.077500 0.087500
70 0.948438 0.772083 0.070625 0.077500
70 0.945312 0.866250 0.059375 0.082500
