70 0.403907 0.801041 0.153125 0.089583
70 0.016015 0.944792 0.032031 0.039583
70 0.045312 0.428646 0.090625 0.057292
70 0.048047 0.690625 0.096094 0.062500
70 0.078516 0.611979 0.157031 0.044792
70 0.098438 0.772396 0.120313 0.046875
70 0.118750 0.920834 0.107812 0.052083
70 0.132031 0.425521 0.093750 0.051042
70 0.135156 0.069792 0.093750 0.029167
70 0.232422 0.193750 0.153906 0.083334
70 0.304688 0.834375 0.064063 0.083334
70 0.378906 0.537500 0.118750 0.041666
70 0.448047 0.428125 0.194532 0.097916
70 0.415625 0.582813 0.118750 0.055209
70 0.492188 0.984375 0.165625 0.029166
70 0.527344 0.489062 0.134375 0.034375
70 0.544531 0.927605 0.115625 0.046875
70 0.567187 0.173437 0.132813 0.098959
70 0.620313 0.126042 0.148437 0.066667
70 0.599218 0.870313 0.064063 0.088541
70 0.762500 0.484375 0.093750 0.033334
70 0.771484 0.963020 0.107031 0.065625
70 0.803516 0.041146 0.055469 0.082292
70 0.901172 0.652083 0.155468 0.056250
70 0.937890 0.783855 0.105469 0.034375
70 0.912500 0.822395 0.046875 0.028125
70 0.969922 0.471875 0.058594 0.041666
70 0.977735 0.885938 0.042969 0.036459
