70 0.424057 0.637500 0.570755 0.565000
70 0.073584 0.993750 0.026415 0.011250
70 0.088679 0.975000 0.035849 0.048750
70 0.204717 0.974063 0.041510 0.050625
70 0.299057 0.919687 0.064151 0.048125
70 0.386793 0.954688 0.084905 0.015625
70 0.425472 0.914375 0.064151 0.023750
70 0.566981 0.875000 0.084906 0.027500
70 0.751415 0.879375 0.144340 0.032500
70 0.830661 0.963750 0.151887 0.071250
70 0.929245 0.962187 0.133962 0.030625
70 0.934905 0.990312 0.083019 0.018125
70 0.934905 0.858125 0.035849 0.085000
