70 0.314941 0.201822 0.014649 0.015625
70 0.361328 0.142578 0.015625 0.027344
70 0.387207 0.236328 0.026368 0.053386
70 0.392578 0.095052 0.007812 0.018229
70 0.416504 0.095703 0.010742 0.032552
70 0.419922 0.005860 0.009766 0.009115
70 0.451660 0.006510 0.012696 0.010417
70 0.455566 0.115885 0.014649 0.033854
70 0.483399 0.319661 0.017579 0.009115
70 0.506347 0.171875 0.032227 0.033854
70 0.502930 0.017579 0.011719 0.011719
70 0.505371 0.003906 0.014648 0.007812
70 0.509766 0.252604 0.007813 0.023438
70 0.520019 0.145182 0.016601 0.035156
70 0.539062 0.023438 0.015625 0.033855
70 0.554199 0.266276 0.014648 0.029948
70 0.580078 0.309244 0.013672 0.011719
70 0.583496 0.403646 0.014648 0.007812
70 0.655762 0.516927 0.008789 0.020834
