70 0.261719 0.712500 0.026563 0.075000
70 0.289062 0.162500 0.024999 0.050000
70 0.342969 0.788542 0.073437 0.068750
70 0.344531 0.850000 0.073437 0.070834
70 0.363282 0.239583 0.048437 0.062500
70 0.385937 0.723958 0.053125 0.077083
70 0.421094 0.641667 0.032813 0.058333
70 0.491406 0.254167 0.039063 0.054167
70 0.526563 0.413542 0.031250 0.052083
70 0.596875 0.738542 0.025000 0.064583
70 0.757812 0.927084 0.046875 0.070833
70 0.809375 0.435417 0.046875 0.054167
70 0.949219 0.802084 0.048437 0.070833
