70 0.068437 0.716501 0.034375 0.028536
70 0.116875 0.674317 0.037500 0.045905
70 0.188125 0.646402 0.038750 0.034740
70 0.244062 0.627171 0.024375 0.038462
70 0.302812 0.638957 0.036875 0.019851
70 0.379062 0.650124 0.030625 0.032258
70 0.482813 0.787221 0.040625 0.038462
70 0.567187 0.828163 0.030625 0.023573
70 0.586562 0.791564 0.025625 0.019851
70 0.600625 0.717122 0.036250 0.029777
70 0.639687 0.617246 0.031875 0.038461
70 0.647500 0.728909 0.032500 0.023573
70 0.662813 0.785980 0.034375 0.026054
70 0.665938 0.656327 0.038125 0.019851
70 0.689063 0.704094 0.025625 0.040943
