70 0.678812 0.595239 0.137652 0.099379
70 0.258097 0.324016 0.097841 0.035197
70 0.274628 0.492236 0.099865 0.065218
70 0.403508 0.440476 0.105263 0.054866
70 0.478745 0.347826 0.087044 0.043478
70 0.626181 0.690994 0.132254 0.065217
70 0.714575 0.818323 0.124156 0.071428
70 0.832658 0.644927 0.109311 0.051759
70 0.838731 0.468944 0.106613 0.037267
70 0.853576 0.829193 0.133603 0.053831
70 0.885290 0.703416 0.121458 0.065218
70 0.892375 0.964286 0.123482 0.063147
70 0.925101 0.765528 0.021592 0.019668
70 0.981781 0.861801 0.035087 0.032091
70 0.987179 0.735507 0.022942 0.019669
