70 0.518125 0.382500 0.066250 0.028334
70 0.562500 0.580834 0.020000 0.028333
70 0.793125 0.072500 0.411250 0.141666
70 0.624375 0.558334 0.021250 0.026667
70 0.684375 0.575000 0.033750 0.033334
70 0.713750 0.318333 0.067500 0.030000
70 0.749375 0.725833 0.026250 0.018333
70 0.766250 0.539167 0.027500 0.035000
70 0.791875 0.354166 0.056250 0.048333
70 0.840625 0.336666 0.068750 0.033333
70 0.908125 0.894166 0.028750 0.038333
70 0.963750 0.799167 0.025000 0.045000
70 0.982500 0.540000 0.032500 0.046666
