70 0.429890 0.414687 0.264945 0.265625
70 0.069742 0.029687 0.068635 0.058125
70 0.218081 0.424063 0.046494 0.040625
70 0.273431 0.315625 0.080443 0.042500
70 0.275277 0.800938 0.076753 0.043125
70 0.278228 0.868437 0.066421 0.040625
70 0.272325 0.712187 0.038376 0.063125
70 0.296679 0.481250 0.022140 0.032500
70 0.359040 0.287500 0.062731 0.031250
70 0.433580 0.603750 0.070111 0.037500
70 0.491144 0.233437 0.056826 0.039375
70 0.577859 0.851250 0.064945 0.047500
70 0.563469 0.765625 0.024354 0.027500
70 0.567528 0.626875 0.028044 0.032500
70 0.631366 0.225000 0.078967 0.032500
70 0.659409 0.593125 0.025831 0.023750
70 0.692989 0.413125 0.056088 0.042500
70 0.701107 0.888750 0.044280 0.075000
70 0.704059 0.797187 0.022140 0.039375
70 0.741329 0.307813 0.040591 0.034375
70 0.919557 0.335313 0.070849 0.040625
