70 0.030762 0.699271 0.061523 0.070073
70 0.045899 0.938686 0.091797 0.105110
70 0.096680 0.663503 0.166016 0.089051
70 0.124024 0.782482 0.087891 0.113869
70 0.232910 0.948175 0.100586 0.100730
70 0.282227 0.614599 0.156250 0.081751
70 0.321777 0.732846 0.182617 0.131387
70 0.397461 0.419708 0.144532 0.094890
70 0.441894 0.948905 0.176757 0.075912
70 0.443360 0.631386 0.117187 0.071533
70 0.413574 0.703649 0.041992 0.093431
70 0.495605 0.444526 0.071289 0.138687
70 0.561523 0.848905 0.080078 0.106570
70 0.572754 0.681752 0.094726 0.099270
70 0.677735 0.759854 0.072265 0.173722
70 0.712402 0.651095 0.083008 0.119708
