70 0.257812 0.931667 0.220625 0.123333
70 0.042188 0.344583 0.013125 0.027500
70 0.129375 0.817083 0.091250 0.054167
70 0.132812 0.437916 0.010625 0.025833
70 0.157187 0.615416 0.033125 0.029167
70 0.235312 0.594584 0.026875 0.025833
70 0.277500 0.506250 0.033750 0.027500
70 0.277813 0.622084 0.011875 0.025833
70 0.284687 0.552916 0.021875 0.024167
70 0.288438 0.601250 0.019375 0.030834
70 0.318125 0.630417 0.068750 0.069167
70 0.313437 0.545833 0.030625 0.023333
70 0.325625 0.460417 0.040000 0.035833
70 0.398750 0.393334 0.092500 0.066667
70 0.392188 0.559583 0.015625 0.040833
70 0.415000 0.325416 0.030000 0.044167
70 0.418125 0.273334 0.028750 0.051667
70 0.435625 0.465000 0.032500 0.016666
70 0.483437 0.462917 0.029375 0.027500
70 0.475000 0.427084 0.010000 0.034167
70 0.529375 0.254584 0.118750 0.075833
70 0.532500 0.490416 0.042500 0.030833
70 0.531875 0.525417 0.036250 0.027500
70 0.559375 0.391667 0.071250 0.060000
70 0.608125 0.327084 0.080000 0.069167
70 0.581562 0.587083 0.024375 0.044167
70 0.599375 0.437500 0.042500 0.041666
70 0.610625 0.525417 0.010000 0.017500
70 0.657188 0.380000 0.103125 0.105000
70 0.653750 0.147917 0.088750 0.082500
70 0.641563 0.482084 0.023125 0.020833
70 0.659687 0.568334 0.025625 0.038333
70 0.682813 0.682083 0.061875 0.089167
70 0.736563 0.463750 0.016875 0.029166
70 0.776563 0.760000 0.058125 0.050000
70 0.802500 0.367500 0.050000 0.085000
70 0.848750 0.585417 0.047500 0.047500
70 0.854062 0.842916 0.040625 0.049167
70 0.874687 0.302500 0.068125 0.101666
70 0.877500 0.540000 0.040000 0.053334
70 0.988438 0.503333 0.021875 0.050000
