70 0.580000 0.286119 0.205000 0.479698
70 0.145000 0.539660 0.057500 0.197356
70 0.268750 0.868744 0.038750 0.081208
70 0.513750 0.737016 0.048750 0.027384
70 0.535312 0.761568 0.045625 0.033050
70 0.669063 0.601511 0.026875 0.081208
70 0.724375 0.614259 0.055000 0.029273
70 0.755000 0.086874 0.040000 0.050991
70 0.843750 0.898017 0.050000 0.100094
70 0.848750 0.088763 0.042500 0.026440
70 0.880625 0.081209 0.021250 0.066100
70 0.905625 0.160528 0.022500 0.022663
70 0.937812 0.120868 0.020625 0.028329
70 0.960625 0.144004 0.036250 0.044382
