70 0.021875 0.274396 0.043750 0.046705
70 0.040000 0.426189 0.072500 0.040033
70 0.097500 0.873645 0.153750 0.077565
70 0.106563 0.575063 0.135625 0.065889
70 0.106250 0.677648 0.110000 0.067556
70 0.150313 0.203086 0.058125 0.055880
70 0.198437 0.463720 0.095625 0.056714
70 0.256250 0.210175 0.076250 0.055046
70 0.266875 0.409091 0.041250 0.032527
70 0.309375 0.293578 0.077500 0.056714
70 0.311562 0.106756 0.050625 0.038365
70 0.349062 0.597581 0.094375 0.062552
70 0.352812 0.251460 0.068125 0.040867
70 0.385000 0.444120 0.078750 0.065888
70 0.407500 0.553377 0.082500 0.039199
70 0.425937 0.794829 0.100625 0.053378
70 0.447187 0.632193 0.065625 0.058382
70 0.469687 0.126356 0.061875 0.042535
70 0.497500 0.450375 0.107500 0.050042
70 0.497500 0.525855 0.050000 0.042536
70 0.562188 0.311927 0.079375 0.053378
70 0.578125 0.229774 0.056250 0.039199
70 0.573125 0.437448 0.041250 0.040868
70 0.634375 0.484570 0.083750 0.066723
70 0.626562 0.224353 0.029375 0.050041
70 0.660000 0.519182 0.050000 0.019183
70 0.691563 0.202252 0.064375 0.039200
70 0.738750 0.865305 0.141250 0.074229
70 0.750312 0.452043 0.106875 0.053378
70 0.730938 0.415764 0.055625 0.035863
70 0.740312 0.737698 0.063125 0.064220
70 0.743750 0.493327 0.045000 0.029191
70 0.780938 0.564637 0.100625 0.055046
70 0.781250 0.133444 0.086250 0.053377
70 0.824375 0.758549 0.121250 0.100918
70 0.823125 0.263136 0.077500 0.037532
70 0.862812 0.655963 0.109375 0.072561
70 0.847812 0.545037 0.069375 0.025855
70 0.847813 0.281484 0.054375 0.035863
70 0.911875 0.396163 0.112500 0.055045
70 0.935938 0.593411 0.126875 0.074228
70 0.915625 0.194329 0.076250 0.058382
70 0.917500 0.262302 0.051250 0.039200
70 0.959688 0.127190 0.079375 0.044203
70 0.967187 0.659716 0.055625 0.048373
70 0.974687 0.306922 0.049375 0.056714
