70 0.045497 0.748750 0.090994 0.027500
70 0.046904 0.804063 0.093809 0.025625
70 0.016886 0.544687 0.030019 0.029375
70 0.083958 0.734375 0.143527 0.056250
70 0.053002 0.499375 0.060976 0.027500
70 0.083489 0.440625 0.103189 0.032500
70 0.087711 0.601875 0.094746 0.027500
70 0.092401 0.548125 0.079737 0.070000
70 0.139775 0.496563 0.091932 0.025625
70 0.127111 0.991875 0.060975 0.015000
70 0.170732 0.791562 0.082552 0.040625
70 0.220450 0.553438 0.105066 0.025625
70 0.230769 0.104063 0.069418 0.025625
70 0.236398 0.845313 0.063790 0.035625
70 0.263133 0.655625 0.113508 0.046250
70 0.266886 0.483125 0.085365 0.066250
70 0.263133 0.235313 0.045966 0.039375
70 0.296436 0.736563 0.071295 0.081875
70 0.296436 0.595000 0.056285 0.055000
70 0.309100 0.393437 0.060975 0.061875
70 0.323171 0.881875 0.074109 0.061250
70 0.348968 0.755625 0.043152 0.020000
70 0.370544 0.455625 0.076923 0.060000
70 0.387429 0.760000 0.048781 0.028750
70 0.451219 0.985313 0.135085 0.028125
70 0.425891 0.456562 0.069418 0.030625
70 0.450282 0.185000 0.112571 0.037500
70 0.432458 0.815312 0.056285 0.026875
70 0.460601 0.500313 0.097561 0.025625
70 0.469512 0.691563 0.115385 0.053125
70 0.493902 0.015625 0.122889 0.031250
70 0.499062 0.549687 0.112570 0.025625
70 0.528612 0.402188 0.115385 0.058125
70 0.547373 0.738438 0.087242 0.040625
70 0.581144 0.593438 0.072233 0.058125
70 0.602720 0.350938 0.109756 0.044375
70 0.592870 0.549063 0.084427 0.058125
70 0.642589 0.944375 0.106942 0.032500
70 0.706848 0.280625 0.143528 0.037500
70 0.680113 0.885312 0.084427 0.034375
70 0.688556 0.629062 0.091933 0.058125
70 0.670732 0.652187 0.030019 0.021875
70 0.715759 0.414687 0.078799 0.035625
70 0.765478 0.017188 0.082551 0.034375
70 0.858349 0.846875 0.097561 0.042500
70 0.865385 0.947812 0.087242 0.039375
