70 0.046562 0.374335 0.053125 0.082447
70 0.110313 0.436835 0.058125 0.053192
70 0.125625 0.359708 0.055000 0.046543
70 0.120625 0.453125 0.033750 0.037898
70 0.137500 0.641290 0.045000 0.064494
70 0.140000 0.533577 0.021250 0.027260
70 0.170313 0.276928 0.036875 0.031250
70 0.188125 0.368351 0.062500 0.053192
70 0.212500 0.635306 0.027500 0.043218
70 0.233125 0.371010 0.040000 0.047873
70 0.271875 0.230718 0.027500 0.037234
70 0.295000 0.265625 0.038750 0.025930
70 0.295937 0.221410 0.024375 0.035905
70 0.299063 0.312167 0.030625 0.032579
70 0.364375 0.216091 0.028750 0.053191
70 0.451875 0.191156 0.040000 0.037899
70 0.508125 0.235040 0.023750 0.032580
70 0.507188 0.194149 0.019375 0.029256
70 0.558125 0.282913 0.078750 0.087101
70 0.622500 0.244348 0.050000 0.044548
70 0.709063 0.277925 0.036875 0.029255
70 0.725313 0.315492 0.026875 0.025930
70 0.791875 0.349734 0.038750 0.042554
70 0.820312 0.545213 0.069375 0.023936
70 0.805000 0.280253 0.035000 0.040559
70 0.810625 0.613032 0.023750 0.070478
70 0.817188 0.313830 0.030625 0.029255
70 0.851562 0.504322 0.029375 0.009974
70 0.872500 0.525931 0.032500 0.029256
