70 0.535625 0.536585 0.281250 0.307693
70 0.025000 0.445122 0.050000 0.111632
70 0.048438 0.065666 0.066875 0.071294
70 0.096250 0.599437 0.050000 0.153846
70 0.227187 0.860695 0.160625 0.250469
70 0.348125 0.123358 0.151250 0.128518
70 0.354687 0.053471 0.089375 0.080676
70 0.575000 0.208256 0.097500 0.159475
70 0.594375 0.235928 0.136250 0.092871
70 0.650625 0.135084 0.063750 0.067543
70 0.725000 0.947468 0.107500 0.099437
70 0.716875 0.735460 0.052500 0.069419
70 0.748437 0.248124 0.080625 0.047842
70 0.766563 0.303002 0.085625 0.091932
70 0.794687 0.173077 0.088125 0.059100
70 0.770312 0.969512 0.026875 0.055347
70 0.842812 0.513602 0.081875 0.136022
70 0.837813 0.246248 0.043125 0.139775
70 0.946562 0.299250 0.081875 0.106941
