70 0.037187 0.096805 0.074375 0.193609
70 0.106250 0.241071 0.208750 0.132519
70 0.257812 0.544173 0.145625 0.169173
70 0.360312 0.801692 0.269375 0.137218
70 0.321875 0.298402 0.136250 0.125000
70 0.580625 0.698779 0.253750 0.181391
70 0.509688 0.043233 0.080625 0.062030
70 0.603125 0.444079 0.221250 0.085526
70 0.617813 0.102444 0.135625 0.163534
70 0.750625 0.611842 0.250000 0.107143
70 0.801250 0.202067 0.061250 0.167293
70 0.910000 0.801692 0.178750 0.129699
70 0.966875 0.645676 0.065000 0.067669
