70 0.114375 0.615854 0.037500 0.043237
70 0.155312 0.631375 0.036875 0.045455
70 0.202187 0.342018 0.025625 0.058758
70 0.205313 0.325388 0.019375 0.074280
70 0.252812 0.126386 0.058125 0.048780
70 0.262500 0.291020 0.043750 0.043238
70 0.324688 0.152439 0.026875 0.034368
70 0.355313 0.272173 0.016875 0.036586
70 0.380937 0.766076 0.068125 0.066519
70 0.374062 0.520510 0.035625 0.025498
70 0.374063 0.250000 0.030625 0.052106
70 0.429375 0.491131 0.052500 0.033260
70 0.489375 0.400222 0.090000 0.048781
70 0.516563 0.594789 0.031875 0.027716
70 0.516563 0.289911 0.029375 0.023281
70 0.547500 0.605876 0.062500 0.036586
70 0.605938 0.470620 0.135625 0.056541
70 0.554063 0.281042 0.029375 0.027716
70 0.643437 0.363082 0.031875 0.032150
70 0.751250 0.477273 0.050000 0.065410
70 0.929375 0.326497 0.035000 0.054324
