67 0.319666 0.646739 0.115333 0.089465
67 0.320334 0.405100 0.116667 0.089465
67 0.318333 0.283027 0.110000 0.099498
67 0.322333 0.528428 0.110000 0.095318
67 0.439666 0.284699 0.111333 0.099498
67 0.439666 0.408863 0.111333 0.100334
67 0.441667 0.527592 0.110000 0.093646
67 0.443000 0.650083 0.104666 0.089465
67 0.559667 0.284699 0.110000 0.099498
67 0.562000 0.404682 0.108000 0.098662
67 0.564000 0.529682 0.109334 0.089465
67 0.564667 0.645903 0.100000 0.084448
67 0.681000 0.287207 0.110000 0.097826
67 0.683000 0.527592 0.111334 0.096990
67 0.683000 0.648411 0.108666 0.092809
67 0.684333 0.404264 0.106000 0.087793
