41 0.247188 0.546667 0.024375 0.043333
41 0.263125 0.652500 0.026250 0.016666
41 0.267188 0.348750 0.020625 0.025834
41 0.306563 0.582917 0.026875 0.042500
41 0.306562 0.682917 0.019375 0.032500
41 0.312187 0.277917 0.028125 0.035833
41 0.317187 0.343750 0.023125 0.032500
41 0.319688 0.737917 0.018125 0.022500
41 0.332187 0.602500 0.026875 0.041666
41 0.337500 0.430417 0.030000 0.037500
41 0.344687 0.638750 0.020625 0.024166
41 0.348437 0.757083 0.018125 0.019167
41 0.350938 0.781250 0.023125 0.025834
41 0.364062 0.407917 0.023125 0.027500
41 0.382812 0.762916 0.024375 0.030833
41 0.380938 0.505416 0.018125 0.019167
41 0.382812 0.690416 0.019375 0.034167
41 0.385937 0.801250 0.020625 0.025834
41 0.398125 0.658750 0.027500 0.029166
41 0.406562 0.547500 0.025625 0.041666
41 0.421250 0.315417 0.027500 0.027500
41 0.426563 0.676667 0.014375 0.020000
41 0.427813 0.427084 0.016875 0.020833
41 0.438750 0.487917 0.023750 0.032500
41 0.449063 0.354583 0.028125 0.024167
41 0.451562 0.507916 0.028125 0.030833
41 0.459375 0.216250 0.026250 0.029166
41 0.464688 0.672083 0.028125 0.029167
41 0.475625 0.661250 0.030000 0.034166
41 0.474062 0.575417 0.019375 0.027500
41 0.474062 0.840416 0.019375 0.020833
41 0.478750 0.615416 0.026250 0.029167
41 0.484687 0.464583 0.024375 0.027500
41 0.487812 0.508750 0.030625 0.045834
41 0.505938 0.227917 0.028125 0.032500
41 0.504687 0.309167 0.020625 0.036667
41 0.504687 0.624167 0.015625 0.030000
41 0.511562 0.260833 0.019375 0.021667
41 0.511562 0.733750 0.019375 0.024166
41 0.510938 0.414167 0.015625 0.033333
41 0.525625 0.608333 0.031250 0.070000
41 0.524687 0.753334 0.019375 0.021667
41 0.533750 0.498750 0.030000 0.032500
41 0.531562 0.366667 0.018125 0.041667
41 0.541562 0.433750 0.014375 0.030834
41 0.550625 0.734583 0.027500 0.032500
41 0.549687 0.370000 0.023125 0.038334
41 0.568125 0.614584 0.031250 0.040833
41 0.568437 0.465834 0.021875 0.036667
41 0.569063 0.413333 0.020625 0.045000
41 0.574375 0.199583 0.028750 0.040833
41 0.575000 0.542083 0.030000 0.020833
41 0.574375 0.782917 0.026250 0.029167
41 0.585313 0.264167 0.029375 0.040000
41 0.592500 0.590417 0.026250 0.034167
41 0.592500 0.711250 0.015000 0.017500
41 0.603438 0.542083 0.021875 0.024167
41 0.605938 0.692084 0.019375 0.034167
41 0.618750 0.880834 0.035000 0.046667
41 0.618437 0.761250 0.025625 0.027500
41 0.633438 0.443333 0.021875 0.036667
41 0.677188 0.315833 0.053125 0.063333
41 0.666875 0.449583 0.027500 0.030833
41 0.750625 0.461667 0.030000 0.048333
