41 0.539375 0.239681 0.127500 0.181050
41 0.116875 0.357880 0.096250 0.102252
41 0.300625 0.626173 0.102500 0.122889
41 0.462813 0.870544 0.073125 0.131332
41 0.518437 0.783771 0.079375 0.145404
41 0.559063 0.035178 0.065625 0.070356
41 0.598125 0.919325 0.120000 0.159475
41 0.667500 0.135554 0.058750 0.100375
41 0.727500 0.152908 0.053750 0.091932
41 0.822187 0.536586 0.076875 0.140713
41 0.837187 0.163696 0.078125 0.109756
41 0.851250 0.809100 0.083750 0.119137
41 0.953125 0.349437 0.092500 0.130394
41 0.944688 0.485460 0.068125 0.107880
41 0.945937 0.155253 0.068125 0.119137
41 0.960313 0.677768 0.078125 0.126641
