41 0.938438 0.629351 0.094375 0.158044
41 0.033125 0.363123 0.066250 0.148636
41 0.112500 0.418156 0.051250 0.068674
41 0.246875 0.841487 0.107500 0.160865
41 0.329688 0.305268 0.098125 0.194732
41 0.343750 0.502352 0.103750 0.148636
41 0.347500 0.665099 0.101250 0.161806
41 0.374062 0.833020 0.133125 0.207902
41 0.451250 0.084666 0.152500 0.150518
41 0.591875 0.306209 0.100000 0.115710
41 0.645000 0.506585 0.113750 0.108184
41 0.641875 0.814206 0.058750 0.190969
41 0.735938 0.052681 0.078125 0.105362
41 0.739688 0.780809 0.039375 0.065852
41 0.780625 0.539982 0.050000 0.073377
41 0.831562 0.585137 0.081875 0.090311
41 0.810937 0.341956 0.038125 0.040451
41 0.842187 0.147225 0.068125 0.117592
41 0.974375 0.194262 0.050000 0.111947
41 0.983750 0.722014 0.031250 0.098777
