47 0.828125 0.563790 0.266250 0.155722
47 0.110312 0.901032 0.219375 0.175422
47 0.119063 0.548781 0.229375 0.163227
47 0.118750 0.235459 0.153750 0.166979
47 0.125000 0.386022 0.163750 0.109757
47 0.405625 0.320356 0.348750 0.143527
47 0.306250 0.510319 0.118750 0.086304
47 0.451562 0.557692 0.120625 0.107880
47 0.468125 0.725140 0.153750 0.212007
47 0.585625 0.605066 0.096250 0.133208
47 0.752812 0.794559 0.376875 0.292683
47 0.667500 0.374297 0.111250 0.225141
47 0.847500 0.283771 0.210000 0.147280
47 0.850938 0.396342 0.126875 0.049719
