53 0.061875 0.840526 0.123750 0.315197
53 0.091250 0.418855 0.123750 0.481239
53 0.145625 0.107411 0.117500 0.214822
53 0.234687 0.471857 0.119375 0.517823
53 0.275625 0.150094 0.103750 0.300188
53 0.458437 0.830676 0.384375 0.242965
53 0.378437 0.400094 0.129375 0.361163
53 0.382188 0.136491 0.088125 0.272983
53 0.468438 0.861632 0.135625 0.254221
53 0.483750 0.152908 0.110000 0.298312
53 0.533750 0.426829 0.110000 0.446529
53 0.628125 0.856004 0.250000 0.286116
53 0.648750 0.666979 0.250000 0.172608
53 0.611875 0.113508 0.107500 0.227017
53 0.657500 0.450750 0.118750 0.505629
53 0.741250 0.143058 0.095000 0.286116
53 0.820938 0.474672 0.135625 0.476548
53 0.845938 0.698875 0.114375 0.425891
53 0.838750 0.129925 0.092500 0.259850
53 0.894688 0.836303 0.188125 0.184803
53 0.924687 0.127580 0.105625 0.255159
53 0.958125 0.515010 0.082500 0.600375
