53 0.057598 0.457517 0.115196 0.192811
53 0.045343 0.580065 0.066176 0.241830
53 0.178922 0.454248 0.107843 0.111111
53 0.181372 0.577615 0.080883 0.207517
53 0.194853 0.768791 0.078432 0.135621
53 0.271446 0.527778 0.062500 0.163399
53 0.370710 0.383170 0.175245 0.089870
53 0.443628 0.629902 0.181373 0.292484
53 0.508579 0.267974 0.203431 0.133987
53 0.503676 0.753268 0.181373 0.228758
53 0.460171 0.547385 0.069853 0.140523
53 0.507966 0.516340 0.057598 0.098039
53 0.511642 0.707516 0.042892 0.071895
53 0.642770 0.754902 0.072304 0.205882
53 0.778186 0.374183 0.225490 0.369282
53 0.806985 0.820261 0.138480 0.212419
