53 0.151250 0.650834 0.161250 0.253333
53 0.287500 0.601666 0.273750 0.623333
53 0.291250 0.407083 0.087500 0.172500
53 0.554063 0.600000 0.213125 0.578334
53 0.527187 0.339583 0.125625 0.282500
53 0.612812 0.460000 0.126875 0.361666
53 0.621875 0.200000 0.116250 0.203334
53 0.732500 0.477500 0.107500 0.348334
53 0.760938 0.142500 0.135625 0.285000
53 0.783438 0.304583 0.151875 0.294167
53 0.849375 0.797917 0.140000 0.379167
53 0.901563 0.312083 0.094375 0.292500
53 0.925625 0.492917 0.116250 0.185833
