53 0.124583 0.127812 0.020833 0.025625
53 0.146667 0.295000 0.031667 0.063750
53 0.155417 0.130312 0.022500 0.044375
53 0.198750 0.130000 0.027500 0.041250
53 0.251250 0.131875 0.022500 0.047500
53 0.276250 0.125000 0.017500 0.033750
53 0.302084 0.855313 0.059167 0.068125
53 0.311667 0.125625 0.020000 0.032500
53 0.349166 0.294063 0.031667 0.016875
53 0.358333 0.308750 0.045000 0.032500
53 0.354584 0.128438 0.034167 0.024375
53 0.390000 0.305312 0.031666 0.035625
53 0.426667 0.430937 0.050000 0.048125
53 0.420833 0.126562 0.030000 0.034375
53 0.442500 0.285625 0.041666 0.071250
53 0.483334 0.492500 0.031667 0.041250
53 0.498333 0.323125 0.056667 0.033750
53 0.507500 0.489687 0.025000 0.029375
53 0.525417 0.135625 0.039167 0.028750
53 0.549584 0.323437 0.035833 0.030625
53 0.627500 0.135625 0.025000 0.032500
