23 0.009765 0.591145 0.019531 0.049479
23 0.020508 0.757812 0.041016 0.111979
23 0.034180 0.646485 0.039063 0.079427
23 0.068359 0.860026 0.052735 0.196614
23 0.069336 0.686198 0.050782 0.070312
23 0.099610 0.763672 0.103515 0.102864
23 0.060547 0.645833 0.023438 0.062500
23 0.089843 0.619140 0.039063 0.042969
23 0.118653 0.936849 0.092773 0.123698
23 0.124511 0.649089 0.036133 0.092447
23 0.124511 0.548177 0.022461 0.033854
23 0.157226 0.966797 0.056641 0.063802
23 0.183106 0.682943 0.041993 0.110677
23 0.209960 0.785156 0.095703 0.117188
23 0.179199 0.609375 0.028320 0.065104
23 0.212402 0.557943 0.018555 0.045573
23 0.227050 0.647135 0.040039 0.083333
23 0.241699 0.569010 0.024414 0.033855
23 0.273926 0.664062 0.034180 0.088541
23 0.301758 0.908203 0.087891 0.175782
23 0.280761 0.598958 0.022461 0.044271
23 0.313965 0.731770 0.030274 0.111979
23 0.325195 0.634115 0.039063 0.098959
23 0.368652 0.976562 0.086914 0.044271
23 0.358398 0.858724 0.064453 0.154948
23 0.359863 0.770183 0.059570 0.118489
23 0.364258 0.654296 0.037109 0.076823
23 0.376953 0.565755 0.025390 0.040365
23 0.392089 0.621094 0.043945 0.072917
23 0.406250 0.561198 0.019532 0.039062
23 0.446289 0.675130 0.054688 0.087240
23 0.473633 0.893229 0.099610 0.210938
23 0.487305 0.539062 0.109375 0.005209
23 0.471680 0.771484 0.074219 0.157552
23 0.444825 0.557943 0.012695 0.037761
23 0.470704 0.608724 0.033203 0.066406
23 0.494141 0.685547 0.066406 0.095052
23 0.545411 0.757812 0.084961 0.109375
23 0.534668 0.656250 0.043946 0.119792
23 0.529785 0.554687 0.016602 0.031250
23 0.550293 0.598307 0.034180 0.069010
23 0.554199 0.542969 0.010742 0.033854
23 0.568360 0.549479 0.009765 0.026042
23 0.575684 0.604167 0.024414 0.065104
23 0.618653 0.932291 0.084961 0.132813
23 0.605469 0.694010 0.052734 0.125000
23 0.602051 0.615234 0.038086 0.061198
23 0.593262 0.565755 0.012695 0.042969
23 0.634765 0.610026 0.041015 0.105468
23 0.640136 0.720703 0.047851 0.076823
23 0.671875 0.902344 0.072266 0.190104
23 0.666992 0.561198 0.031250 0.062500
23 0.670899 0.628906 0.039063 0.078125
23 0.700684 0.712890 0.051757 0.100261
23 0.700684 0.557943 0.028321 0.055990
23 0.714355 0.658854 0.032227 0.104167
23 0.735839 0.544270 0.026367 0.049479
23 0.757324 0.757812 0.053711 0.143229
23 0.755859 0.637370 0.033203 0.071615
23 0.800293 0.911458 0.084961 0.174479
23 0.773926 0.619140 0.026367 0.076823
23 0.773438 0.557292 0.023437 0.044271
23 0.781250 0.615886 0.029296 0.070313
23 0.805176 0.587890 0.018555 0.037761
23 0.824219 0.725911 0.042969 0.136719
23 0.839356 0.669922 0.034179 0.095052
23 0.835938 0.585287 0.017579 0.050781
23 0.877441 0.851562 0.092773 0.270833
23 0.856934 0.570312 0.014649 0.041667
23 0.885742 0.628906 0.033203 0.072917
23 0.880860 0.561849 0.019531 0.040364
23 0.906250 0.733724 0.060546 0.105468
23 0.916016 0.600260 0.025391 0.049479
23 0.925781 0.673828 0.044922 0.087240
23 0.930664 0.775390 0.041016 0.147135
23 0.937988 0.566406 0.026367 0.059896
23 0.961914 0.638021 0.027344 0.114583
23 0.981934 0.584636 0.022461 0.070313
