23 0.325313 0.568334 0.116875 0.256667
23 0.245000 0.234584 0.115000 0.075833
23 0.454688 0.550000 0.103125 0.223334
23 0.467187 0.562083 0.128125 0.147500
23 0.611250 0.550833 0.108750 0.280000
23 0.616250 0.458750 0.111250 0.172500
23 0.689688 0.350000 0.095625 0.158334
23 0.713125 0.525000 0.103750 0.228334
23 0.704688 0.199583 0.024375 0.042500
23 0.762188 0.484166 0.064375 0.151667
23 0.817187 0.444166 0.060625 0.221667
23 0.907500 0.568750 0.132500 0.085834
23 0.936875 0.444166 0.125000 0.198333
23 0.958438 0.612084 0.081875 0.114167
