23 0.575781 0.411718 0.704687 0.545313
23 0.017969 0.313281 0.035937 0.110938
23 0.039844 0.313281 0.042188 0.095313
23 0.057031 0.317969 0.026562 0.089062
23 0.103906 0.306250 0.064062 0.125000
23 0.154688 0.315625 0.028125 0.106250
23 0.185156 0.312500 0.035938 0.100000
23 0.224218 0.313281 0.042187 0.117188
23 0.254688 0.309375 0.059375 0.121876
23 0.275001 0.314063 0.046875 0.112501
23 0.300782 0.306249 0.048437 0.103125
23 0.328125 0.313281 0.050000 0.114063
23 0.367188 0.310937 0.046875 0.090625
23 0.393750 0.305468 0.056250 0.082813
23 0.420313 0.314844 0.025000 0.082812
23 0.448438 0.314063 0.034375 0.059375
23 0.829687 0.376563 0.093750 0.040625
