23 0.026562 0.509082 0.049375 0.130975
23 0.078437 0.493308 0.035625 0.128107
23 0.099688 0.673518 0.031875 0.264818
23 0.104687 0.510038 0.036875 0.132887
23 0.160625 0.712715 0.090000 0.316444
23 0.167500 0.500000 0.045000 0.137668
23 0.248125 0.726099 0.111250 0.350861
23 0.241250 0.451243 0.012500 0.055449
23 0.359687 0.647228 0.095625 0.414914
23 0.371250 0.662524 0.118750 0.399618
23 0.495625 0.685947 0.101250 0.352773
23 0.505937 0.526290 0.085625 0.264819
23 0.569063 0.651052 0.069375 0.250478
23 0.671250 0.431645 0.198750 0.062141
23 0.667812 0.569790 0.064375 0.330784
23 0.693437 0.671606 0.113125 0.327916
23 0.772188 0.704111 0.116875 0.352772
23 0.833750 0.385756 0.103750 0.111855
23 0.933750 0.691205 0.116250 0.319311
