23 0.017500 0.335366 0.035000 0.124766
23 0.032500 0.470451 0.041250 0.098499
23 0.036875 0.430113 0.047500 0.109756
23 0.091250 0.697937 0.136250 0.253283
23 0.075937 0.525797 0.084375 0.186679
23 0.054688 0.288462 0.029375 0.057223
23 0.080625 0.336304 0.047500 0.104128
23 0.106875 0.454972 0.053750 0.151970
23 0.120000 0.349438 0.040000 0.121013
23 0.159375 0.881332 0.102500 0.235460
23 0.178437 0.746717 0.120625 0.155722
23 0.160938 0.578799 0.068125 0.153846
23 0.168125 0.477486 0.066250 0.151970
23 0.208437 0.703095 0.131875 0.113509
23 0.218125 0.450281 0.043750 0.153847
23 0.254062 0.611633 0.076875 0.227017
23 0.272500 0.613509 0.067500 0.215759
23 0.305312 0.496247 0.059375 0.135085
23 0.338125 0.550188 0.050000 0.119137
23 0.377812 0.570357 0.085625 0.155723
23 0.369375 0.488273 0.063750 0.096623
23 0.385625 0.948875 0.088750 0.100375
23 0.430000 0.671200 0.050000 0.145403
23 0.474375 0.632739 0.085000 0.239212
23 0.530938 0.704033 0.074375 0.188555
23 0.544687 0.789400 0.079375 0.109756
23 0.570312 0.881801 0.120625 0.198874
23 0.567500 0.596154 0.055000 0.111632
23 0.615312 0.636022 0.071875 0.155723
23 0.634062 0.734521 0.070625 0.212007
23 0.700625 0.701219 0.086250 0.124765
23 0.761562 0.644465 0.071875 0.150094
23 0.814375 0.788461 0.108750 0.272983
23 0.851250 0.704503 0.095000 0.236398
23 0.945937 0.756566 0.089375 0.289869
