23 0.041250 0.207778 0.082500 0.191111
23 0.085625 0.177778 0.040000 0.177778
23 0.125625 0.201667 0.046250 0.152222
23 0.160938 0.221666 0.065625 0.136667
23 0.180938 0.147222 0.015625 0.065556
23 0.320000 0.503889 0.188750 0.583334
23 0.259062 0.201111 0.015625 0.068889
23 0.277813 0.201666 0.034375 0.121111
23 0.504375 0.500555 0.242500 0.863333
23 0.607813 0.717777 0.154375 0.513333
23 0.676250 0.535555 0.206250 0.746667
23 0.790625 0.280555 0.048750 0.163333
23 0.828125 0.300000 0.051250 0.084444
23 0.902188 0.648334 0.194375 0.261111
23 0.911250 0.545000 0.176250 0.110000
23 0.936875 0.460556 0.125000 0.150000
