23 0.255000 0.292187 0.211250 0.195625
23 0.059063 0.364063 0.081875 0.114375
23 0.107188 0.308750 0.146875 0.171250
23 0.195000 0.325000 0.093750 0.131250
23 0.317188 0.309375 0.081875 0.131250
23 0.389687 0.322188 0.080625 0.119375
23 0.450625 0.271875 0.181250 0.176250
23 0.520625 0.270313 0.150000 0.165625
23 0.596563 0.278750 0.104375 0.141250
23 0.649687 0.263437 0.141875 0.148125
23 0.716875 0.230000 0.136250 0.171250
23 0.759688 0.225000 0.091875 0.163750
23 0.841875 0.201875 0.126250 0.145000
23 0.936875 0.177812 0.125000 0.203125
