23 0.928438 0.838334 0.143125 0.291667
23 0.170313 0.386667 0.023125 0.053333
23 0.195937 0.415417 0.033125 0.065833
23 0.217812 0.392084 0.046875 0.060833
23 0.301250 0.410834 0.047500 0.056667
23 0.345625 0.427500 0.031250 0.048334
23 0.383125 0.435000 0.043750 0.063334
23 0.434375 0.448750 0.042500 0.060834
23 0.483750 0.452917 0.038750 0.082500
23 0.550312 0.575416 0.055625 0.079167
23 0.562188 0.510000 0.043125 0.061666
23 0.617812 0.392083 0.029375 0.077500
23 0.651875 0.535000 0.031250 0.056666
23 0.712187 0.492083 0.058125 0.080833
23 0.766250 0.458334 0.040000 0.071667
23 0.795937 0.428333 0.050625 0.111667
23 0.838125 0.594583 0.077500 0.177500
23 0.892187 0.374583 0.083125 0.070833
23 0.935312 0.639584 0.055625 0.060833
23 0.960625 0.263333 0.036250 0.061667
