23 0.290039 0.574219 0.226562 0.559896
23 0.009765 0.220052 0.019531 0.044271
23 0.029297 0.307943 0.058594 0.141927
23 0.029297 0.222005 0.035156 0.045573
23 0.049805 0.218099 0.023437 0.040364
23 0.076660 0.216797 0.032226 0.050782
23 0.099609 0.329427 0.078125 0.179688
23 0.079590 0.268880 0.030274 0.092448
23 0.103516 0.209636 0.021485 0.046875
23 0.118652 0.215495 0.024414 0.037760
23 0.142578 0.341146 0.031250 0.117188
23 0.145019 0.216146 0.030273 0.026042
23 0.163085 0.331380 0.046875 0.121094
23 0.170411 0.210287 0.018555 0.027343
23 0.199707 0.332031 0.045898 0.135417
23 0.194336 0.206380 0.021484 0.029948
23 0.205078 0.182291 0.021484 0.039063
23 0.243164 0.322265 0.076172 0.165365
23 0.229003 0.206380 0.022461 0.035156
23 0.262207 0.197266 0.028320 0.040365
23 0.287598 0.208334 0.026367 0.020833
23 0.308594 0.179688 0.013672 0.033855
23 0.328614 0.209635 0.026367 0.033854
23 0.364746 0.329427 0.063476 0.143230
23 0.351074 0.209636 0.026367 0.046875
23 0.367676 0.204428 0.026367 0.046875
23 0.382324 0.315105 0.036133 0.171875
23 0.418946 0.260416 0.070313 0.273437
23 0.489258 0.638672 0.210938 0.660156
23 0.477539 0.322266 0.107422 0.113281
23 0.440918 0.202474 0.022460 0.053386
23 0.499023 0.269531 0.068359 0.132813
23 0.487305 0.214844 0.027344 0.065104
23 0.520020 0.194662 0.022461 0.048177
23 0.538574 0.191407 0.018555 0.052083
23 0.562012 0.328776 0.065430 0.152344
23 0.549805 0.182943 0.015625 0.050781
23 0.558594 0.190104 0.021484 0.054688
23 0.569824 0.201171 0.012695 0.045573
23 0.582032 0.194662 0.019531 0.048177
23 0.593750 0.180989 0.025390 0.075521
23 0.631836 0.326172 0.068360 0.186198
23 0.619629 0.205078 0.030274 0.053386
23 0.638184 0.200520 0.020508 0.044271
23 0.644043 0.218099 0.026368 0.037760
23 0.651367 0.188802 0.027344 0.059896
23 0.683594 0.313802 0.058594 0.161458
23 0.677734 0.200520 0.019531 0.044271
23 0.833984 0.158203 0.330078 0.029948
23 0.702637 0.207682 0.024414 0.048177
23 0.756347 0.343750 0.081055 0.171876
23 0.732422 0.208334 0.023438 0.049479
23 0.753906 0.195963 0.017578 0.045573
23 0.789062 0.278645 0.064453 0.203125
23 0.799805 0.203125 0.019531 0.039062
23 0.822754 0.214193 0.026368 0.055990
23 0.832031 0.308594 0.044922 0.158854
23 0.866699 0.353515 0.079102 0.165365
23 0.854492 0.246093 0.046875 0.044271
23 0.853027 0.202474 0.020508 0.061198
23 0.912597 0.280599 0.047851 0.144532
23 0.955078 0.324870 0.083984 0.214844
