23 0.799375 0.587500 0.127500 0.386666
23 0.322500 0.145000 0.047500 0.055000
23 0.403750 0.075833 0.052500 0.151667
23 0.489687 0.095417 0.088125 0.170833
23 0.556250 0.273750 0.110000 0.195834
23 0.587187 0.406250 0.079375 0.220834
23 0.642813 0.139583 0.086875 0.165833
23 0.728750 0.072500 0.085000 0.145000
23 0.782813 0.367083 0.059375 0.175833
23 0.820937 0.109584 0.081875 0.174167
23 0.853750 0.439167 0.072500 0.203333
23 0.928750 0.075833 0.087500 0.151667
23 0.933750 0.343750 0.077500 0.187500
