23 0.460625 0.932084 0.056250 0.130833
23 0.009375 0.674167 0.018750 0.088333
23 0.014687 0.578333 0.029375 0.100000
23 0.033438 0.787917 0.066875 0.190833
23 0.499688 0.766667 0.999375 0.465000
23 0.016875 0.961667 0.032500 0.070000
23 0.029375 0.970417 0.038750 0.057500
23 0.029375 0.587500 0.015000 0.103334
23 0.055000 0.614584 0.031250 0.085833
23 0.072500 0.965417 0.047500 0.067500
23 0.078437 0.605417 0.025625 0.087500
23 0.090625 0.830000 0.047500 0.100000
23 0.088125 0.669166 0.030000 0.091667
23 0.105625 0.650000 0.033750 0.105000
23 0.112500 0.615416 0.030000 0.090833
23 0.121250 0.787083 0.041250 0.075833
23 0.140000 0.772500 0.037500 0.105000
23 0.152500 0.967917 0.032500 0.062500
23 0.159062 0.597500 0.031875 0.075000
23 0.168125 0.613750 0.035000 0.064166
23 0.181250 0.862500 0.040000 0.103334
23 0.182500 0.742917 0.037500 0.084167
23 0.183125 0.666666 0.033750 0.096667
23 0.192812 0.767917 0.031875 0.075833
23 0.200000 0.958334 0.043750 0.081667
23 0.208125 0.724166 0.037500 0.063333
23 0.204375 0.625833 0.027500 0.085000
23 0.213438 0.818750 0.034375 0.084166
23 0.234687 0.645834 0.044375 0.068333
23 0.235625 0.797500 0.040000 0.093334
23 0.241250 0.684167 0.038750 0.101667
23 0.242500 0.754166 0.033750 0.061667
23 0.238437 0.604166 0.023125 0.048333
23 0.265000 0.606250 0.027500 0.040834
23 0.266875 0.667084 0.031250 0.090833
23 0.272188 0.639583 0.033125 0.084167
23 0.285625 0.740417 0.027500 0.082500
23 0.303750 0.877916 0.035000 0.075833
23 0.305625 0.948750 0.036250 0.089166
23 0.307500 0.817916 0.032500 0.075833
23 0.307813 0.631250 0.029375 0.070834
23 0.322500 0.699166 0.033750 0.113333
23 0.325937 0.886667 0.024375 0.110000
23 0.334063 0.630417 0.023125 0.037500
23 0.343125 0.792916 0.038750 0.064167
23 0.354375 0.627916 0.035000 0.080833
23 0.363125 0.938750 0.050000 0.075834
23 0.366250 0.818750 0.036250 0.084166
23 0.369688 0.960000 0.031875 0.063334
23 0.376563 0.631250 0.023125 0.084166
23 0.392500 0.817083 0.041250 0.109167
23 0.394375 0.931667 0.037500 0.065000
23 0.396875 0.654166 0.040000 0.096667
23 0.423750 0.817083 0.035000 0.084167
23 0.429063 0.770417 0.031875 0.067500
23 0.435000 0.686250 0.036250 0.070834
23 0.438125 0.635416 0.030000 0.055833
23 0.472812 0.756667 0.053125 0.088333
23 0.466562 0.799584 0.029375 0.084167
23 0.485938 0.673333 0.034375 0.055000
23 0.502188 0.670833 0.030625 0.066667
23 0.508125 0.613750 0.035000 0.064166
23 0.513750 0.762084 0.036250 0.080833
23 0.522813 0.957083 0.046875 0.079167
23 0.542812 0.918750 0.031875 0.060834
23 0.555625 0.688750 0.045000 0.075834
23 0.555000 0.805000 0.038750 0.070000
23 0.558125 0.972084 0.037500 0.054167
23 0.560000 0.849583 0.033750 0.087500
23 0.565625 0.560416 0.036250 0.080833
23 0.578125 0.950417 0.033750 0.072500
23 0.575625 0.632083 0.026250 0.062500
23 0.575625 0.870417 0.026250 0.060833
23 0.599375 0.708750 0.035000 0.067500
23 0.603750 0.776667 0.037500 0.083333
23 0.606875 0.632500 0.041250 0.046666
23 0.612187 0.515000 0.023125 0.093334
23 0.616875 0.737916 0.031250 0.060833
23 0.625312 0.671667 0.026875 0.086667
23 0.632500 0.945416 0.038750 0.085833
23 0.643125 0.835000 0.038750 0.103334
23 0.648125 0.717083 0.031250 0.087500
23 0.645312 0.657917 0.023125 0.072500
23 0.661875 0.935000 0.037500 0.083334
23 0.662187 0.809166 0.028125 0.093333
23 0.670000 0.657917 0.026250 0.062500
23 0.690000 0.712917 0.035000 0.075833
23 0.697812 0.925416 0.045625 0.074167
23 0.696562 0.632917 0.019375 0.042500
23 0.708750 0.855000 0.038750 0.101666
23 0.707500 0.741250 0.033750 0.097500
23 0.717812 0.662083 0.025625 0.064167
23 0.729375 0.805833 0.033750 0.071667
23 0.737187 0.960000 0.028125 0.066666
23 0.750625 0.739583 0.042500 0.090833
23 0.750625 0.779166 0.030000 0.066667
23 0.760000 0.678750 0.037500 0.079166
23 0.783125 0.847916 0.032500 0.090833
23 0.786875 0.712917 0.030000 0.082500
23 0.787500 0.955000 0.031250 0.088334
23 0.803750 0.791250 0.040000 0.084166
23 0.801250 0.649167 0.032500 0.065000
23 0.810000 0.960417 0.042500 0.077500
23 0.830937 0.896250 0.053125 0.087500
23 0.824062 0.719583 0.019375 0.072500
23 0.839375 0.659583 0.033750 0.072500
23 0.850000 0.742084 0.040000 0.075833
23 0.870937 0.666250 0.029375 0.069166
23 0.880625 0.919583 0.043750 0.095833
23 0.889687 0.964584 0.056875 0.069167
23 0.878750 0.815417 0.032500 0.087500
23 0.898750 0.662917 0.043750 0.069167
23 0.902500 0.975833 0.023750 0.046667
23 0.910625 0.852083 0.037500 0.079167
23 0.911563 0.722916 0.030625 0.079167
23 0.929375 0.878333 0.038750 0.100000
23 0.941250 0.749166 0.028750 0.068333
23 0.939688 0.646667 0.020625 0.056667
23 0.950312 0.911250 0.041875 0.079166
23 0.961250 0.957083 0.037500 0.079167
23 0.976250 0.822500 0.043750 0.105000
23 0.985313 0.689584 0.028125 0.074167
23 0.987187 0.763333 0.024375 0.105000
