23 0.029063 0.563910 0.058125 0.165414
23 0.145000 0.514568 0.158750 0.476504
23 0.244375 0.570488 0.070000 0.295113
23 0.266250 0.631579 0.050000 0.156015
23 0.318750 0.533834 0.081250 0.360903
23 0.389062 0.550282 0.141875 0.361842
23 0.465938 0.614662 0.080625 0.255639
23 0.489687 0.531954 0.118125 0.394737
23 0.583125 0.567669 0.061250 0.150376
23 0.633437 0.671523 0.138125 0.123121
23 0.632500 0.583176 0.055000 0.042293
23 0.777813 0.568139 0.198125 0.410714
23 0.942500 0.619361 0.113750 0.065790
23 0.947500 0.585996 0.103750 0.047932
