23 0.009062 0.098678 0.018125 0.068932
23 0.010313 0.152030 0.020625 0.071766
23 0.017500 0.196412 0.016250 0.079320
23 0.075313 0.203493 0.019375 0.050047
23 0.184688 0.389991 0.030625 0.028329
23 0.202188 0.517941 0.016875 0.051935
23 0.218750 0.535883 0.018750 0.050048
23 0.239063 0.550992 0.021875 0.044381
23 0.238750 0.509443 0.015000 0.034938
23 0.264687 0.525496 0.019375 0.040604
23 0.270937 0.621341 0.028125 0.047214
23 0.289062 0.612370 0.034375 0.048158
23 0.290937 0.539660 0.023125 0.038716
23 0.293750 0.560435 0.028750 0.029273
23 0.304063 0.719074 0.018125 0.055713
23 0.314688 0.620397 0.016875 0.032105
23 0.321250 0.568933 0.018750 0.031162
23 0.327187 0.728990 0.023125 0.079320
23 0.331562 0.595373 0.029375 0.055712
23 0.345000 0.559490 0.007500 0.034938
23 0.357812 0.578376 0.020625 0.042493
23 0.385000 0.884797 0.045000 0.028328
23 0.377188 0.757791 0.025625 0.070821
23 0.384688 0.696412 0.030625 0.038716
23 0.385938 0.693578 0.024375 0.036827
23 0.394062 0.583098 0.038125 0.048159
23 0.385000 0.672805 0.008750 0.034939
23 0.394688 0.657696 0.020625 0.034938
23 0.409687 0.779509 0.030625 0.057602
23 0.413750 0.673749 0.022500 0.033050
23 0.410625 0.894712 0.011250 0.051936
23 0.417500 0.703966 0.012500 0.027384
23 0.421562 0.621341 0.018125 0.067988
23 0.496563 0.559962 0.159375 0.079320
23 0.431562 0.829556 0.028125 0.046270
23 0.442500 0.624174 0.032500 0.073654
23 0.439375 0.739849 0.022500 0.048158
23 0.442187 0.817280 0.028125 0.029273
23 0.436250 0.681775 0.013750 0.020774
23 0.448438 0.685553 0.038125 0.049103
23 0.440000 0.654391 0.016250 0.009442
23 0.445312 0.786119 0.019375 0.040604
23 0.454688 0.743626 0.023125 0.063268
23 0.467812 0.629367 0.028125 0.033050
23 0.505313 0.693107 0.016875 0.064211
23 0.516875 0.831445 0.021250 0.027384
23 0.517500 0.884797 0.020000 0.075542
23 0.527188 0.711521 0.016875 0.057601
23 0.534687 0.824835 0.016875 0.029273
23 0.544687 0.909348 0.023125 0.066100
23 0.546563 0.738905 0.021875 0.027385
23 0.550312 0.774787 0.021875 0.040605
23 0.549687 0.827668 0.018125 0.046270
23 0.567500 0.724268 0.012500 0.024552
23 0.573438 0.820114 0.024375 0.027385
23 0.574688 0.710576 0.024375 0.036828
23 0.578437 0.701133 0.016875 0.036827
23 0.585938 0.801700 0.021875 0.032106
23 0.592812 0.823890 0.025625 0.050047
23 0.606563 0.725213 0.031875 0.050991
23 0.610313 0.783286 0.019375 0.046270
23 0.620625 0.917847 0.021250 0.049102
23 0.623438 0.829556 0.021875 0.046270
23 0.630937 0.739849 0.019375 0.040604
23 0.636562 0.783286 0.018125 0.068933
23 0.657188 0.612370 0.013125 0.033050
23 0.742813 0.279981 0.021875 0.033050
23 0.799687 0.215770 0.025625 0.070821
23 0.817187 0.096790 0.016875 0.061379
23 0.831250 0.113314 0.016250 0.024551
23 0.852187 0.104344 0.025625 0.031161
23 0.857500 0.145893 0.036250 0.055713
23 0.863125 0.164306 0.013750 0.015108
23 0.877188 0.095845 0.024375 0.044382
23 0.885000 0.181776 0.021250 0.061379
23 0.902813 0.045325 0.026875 0.056657
23 0.905312 0.138339 0.021875 0.055713
23 0.922187 0.165250 0.041875 0.060434
23 0.921250 0.473560 0.038750 0.038716
23 0.915312 0.257318 0.020625 0.040604
23 0.923438 0.028801 0.024375 0.057602
23 0.924687 0.110953 0.026875 0.029273
23 0.929063 0.085458 0.023125 0.031162
23 0.934063 0.241265 0.026875 0.042493
23 0.947812 0.477337 0.035625 0.038716
23 0.943438 0.207271 0.025625 0.036828
23 0.945937 0.019358 0.015625 0.038716
23 0.954063 0.129839 0.026875 0.053825
23 0.970625 0.239376 0.047500 0.048159
23 0.967188 0.017469 0.019375 0.034939
23 0.968438 0.077432 0.021875 0.030217
23 0.973437 0.139283 0.019375 0.031161
23 0.989375 0.013692 0.020000 0.027384
23 0.991250 0.143060 0.016250 0.038715
23 0.992500 0.057129 0.011250 0.044381
