23 0.719167 0.928750 0.143333 0.140000
23 0.041667 0.706875 0.083333 0.181250
23 0.041667 0.906875 0.083333 0.185000
23 0.086250 0.950313 0.152500 0.098125
23 0.054584 0.521250 0.079167 0.093750
23 0.059167 0.622188 0.075000 0.128125
23 0.096667 0.615313 0.068333 0.108125
23 0.105000 0.713437 0.061666 0.119375
23 0.102500 0.509687 0.043334 0.076875
23 0.145000 0.595000 0.050000 0.093750
23 0.143750 0.536250 0.045834 0.056250
23 0.166666 0.465313 0.013333 0.016875
23 0.183334 0.528438 0.043333 0.068125
23 0.184584 0.626563 0.045833 0.141875
23 0.227083 0.660000 0.097500 0.106250
23 0.192500 0.463438 0.011666 0.020625
23 0.233750 0.532812 0.052500 0.063125
23 0.241667 0.519062 0.055000 0.063125
23 0.234583 0.466875 0.027500 0.023750
23 0.281667 0.555000 0.038333 0.056250
23 0.276667 0.475313 0.025000 0.016875
23 0.294167 0.537500 0.045000 0.070000
23 0.311250 0.626562 0.075834 0.145625
23 0.640833 0.419687 0.716667 0.100625
23 0.311250 0.530937 0.047500 0.066875
23 0.328334 0.495000 0.026667 0.038750
23 0.355417 0.642813 0.059167 0.119375
23 0.390000 0.508750 0.055000 0.050000
23 0.403750 0.640313 0.059166 0.086875
23 0.387500 0.477187 0.013334 0.020625
23 0.399166 0.534375 0.036667 0.066250
23 0.441250 0.540312 0.065834 0.113125
23 0.472917 0.578750 0.057500 0.080000
23 0.487500 0.610313 0.086666 0.099375
23 0.493333 0.478750 0.048333 0.051250
23 0.510833 0.535312 0.050000 0.058125
23 0.546667 0.647188 0.050000 0.131875
23 0.547917 0.490625 0.039167 0.047500
23 0.556250 0.538750 0.045834 0.065000
23 0.565000 0.584063 0.050000 0.076875
23 0.591250 0.485625 0.034166 0.031250
23 0.620833 0.548437 0.061667 0.063125
23 0.630000 0.686562 0.080000 0.118125
23 0.619583 0.568750 0.040833 0.080000
23 0.645834 0.587500 0.038333 0.056250
23 0.659583 0.613437 0.052500 0.086875
23 0.683333 0.710625 0.100000 0.145000
23 0.652917 0.490938 0.034167 0.020625
23 0.676667 0.500312 0.031667 0.035625
23 0.691667 0.542500 0.038333 0.055000
23 0.702083 0.485625 0.022500 0.027500
23 0.717500 0.540625 0.036666 0.085000
23 0.726667 0.640625 0.055000 0.141250
23 0.749583 0.486563 0.027500 0.029375
23 0.754166 0.546875 0.036667 0.070000
23 0.756667 0.598750 0.036667 0.047500
23 0.760000 0.633125 0.025000 0.075000
23 0.775000 0.493750 0.031666 0.028750
23 0.804584 0.536250 0.040833 0.070000
23 0.830417 0.767187 0.089167 0.155625
23 0.806667 0.496250 0.018333 0.027500
23 0.831666 0.492812 0.026667 0.040625
23 0.857916 0.621875 0.065833 0.131250
23 0.842916 0.465313 0.014167 0.020625
23 0.851250 0.513437 0.020834 0.040625
23 0.860000 0.473125 0.025000 0.042500
23 0.871666 0.558750 0.048333 0.056250
23 0.877083 0.481875 0.022500 0.032500
23 0.920416 0.750938 0.090833 0.188125
23 0.912500 0.640000 0.061666 0.088750
23 0.927084 0.573125 0.059167 0.065000
23 0.910417 0.500625 0.020833 0.036250
23 0.920417 0.528750 0.032500 0.041250
23 0.940833 0.670313 0.055000 0.081875
23 0.940000 0.556250 0.030000 0.051250
23 0.953333 0.590938 0.038333 0.049375
23 0.959166 0.633750 0.036667 0.038750
23 0.949166 0.503125 0.011667 0.047500
23 0.965000 0.540000 0.025000 0.042500
23 0.976250 0.511875 0.034166 0.051250
23 0.981250 0.652500 0.034166 0.073750
23 0.982916 0.580625 0.020833 0.056250
