23 0.302187 0.676360 0.149375 0.369606
23 0.499688 0.297843 0.999375 0.595685
23 0.055625 0.874297 0.088750 0.249531
23 0.158125 0.915573 0.106250 0.166979
23 0.264375 0.901970 0.113750 0.194184
23 0.266875 0.554878 0.067500 0.199812
23 0.371875 0.908537 0.152500 0.181051
23 0.395625 0.613978 0.048750 0.186679
23 0.468750 0.931051 0.143750 0.136023
23 0.464062 0.601313 0.083125 0.168855
23 0.506563 0.406191 0.044375 0.071295
23 0.569375 0.615385 0.098750 0.210131
23 0.652500 0.597092 0.111250 0.254222
23 0.721875 0.911820 0.160000 0.174484
23 0.689375 0.405253 0.051250 0.080675
23 0.719688 0.701689 0.081875 0.305816
23 0.785937 0.713414 0.173125 0.271107
23 0.773750 0.506098 0.048750 0.128517
23 0.879375 0.869606 0.135000 0.247654
23 0.861563 0.391651 0.031875 0.119136
23 0.906875 0.488743 0.053750 0.090056
23 0.943437 0.763602 0.111875 0.279550
23 0.951875 0.637429 0.090000 0.254221
23 0.936250 0.397279 0.051250 0.085365
