23 0.634766 0.709064 0.281250 0.581871
23 0.023926 0.162281 0.010742 0.023392
23 0.044922 0.099415 0.009766 0.017544
23 0.082031 0.150585 0.013672 0.026316
23 0.209961 0.160088 0.013672 0.027778
23 0.447265 0.749269 0.304687 0.498538
23 0.364746 0.165205 0.010742 0.026316
23 0.425782 0.159357 0.011719 0.020468
23 0.454101 0.097222 0.007813 0.024854
23 0.507324 0.138889 0.010742 0.023392
23 0.589843 0.144737 0.011719 0.020468
23 0.601074 0.125000 0.010742 0.019006
23 0.657226 0.144737 0.011719 0.026316
23 0.670898 0.052632 0.015625 0.014620
23 0.698242 0.042398 0.013672 0.029240
23 0.736816 0.022661 0.008789 0.016082
23 0.747070 0.041667 0.011719 0.016082
23 0.810547 0.187865 0.017578 0.065789
23 0.829590 0.137427 0.010742 0.029240
23 0.841797 0.127193 0.009766 0.023392
23 0.883790 0.126462 0.015625 0.036550
23 0.886230 0.070906 0.016601 0.027777
23 0.898438 0.058479 0.009765 0.020467
23 0.937500 0.102339 0.011718 0.029240
23 0.976562 0.166666 0.037109 0.046783
