23 0.032500 0.193750 0.047500 0.070834
23 0.104375 0.268750 0.038750 0.085834
23 0.142500 0.270417 0.068750 0.085833
23 0.290312 0.225834 0.030625 0.058333
23 0.324375 0.218333 0.032500 0.060000
23 0.405938 0.299584 0.058125 0.150833
23 0.502188 0.301667 0.066875 0.141667
23 0.524687 0.356666 0.053125 0.106667
23 0.548438 0.289583 0.049375 0.162500
23 0.592500 0.305000 0.053750 0.138334
23 0.628125 0.310000 0.050000 0.151666
23 0.684375 0.261250 0.046250 0.112500
23 0.715625 0.303333 0.078750 0.158333
23 0.711875 0.200000 0.040000 0.080000
23 0.745625 0.284583 0.035000 0.124167
23 0.784687 0.285000 0.056875 0.101666
23 0.798750 0.305000 0.040000 0.113334
23 0.852187 0.312084 0.054375 0.120833
