23 0.517500 0.601250 0.132500 0.277500
23 0.065312 0.432083 0.130625 0.182500
23 0.274062 0.417917 0.141875 0.187500
23 0.312188 0.635833 0.169375 0.306667
23 0.378125 0.453750 0.122500 0.229166
23 0.492500 0.383750 0.118750 0.175834
23 0.529687 0.379167 0.088125 0.213333
23 0.607187 0.462916 0.129375 0.230833
23 0.626563 0.369584 0.108125 0.170833
23 0.693750 0.429167 0.077500 0.258333
23 0.710625 0.312500 0.087500 0.150000
23 0.768750 0.524583 0.160000 0.290833
23 0.908125 0.470417 0.165000 0.224167
23 0.905000 0.331667 0.102500 0.195000
23 0.955937 0.303333 0.085625 0.145000
23 0.964688 0.205000 0.069375 0.135000
