23 0.460907 0.659469 0.343236 0.353267
23 0.072322 0.169435 0.032056 0.073090
23 0.107506 0.162237 0.011728 0.058694
23 0.120015 0.173312 0.016419 0.043189
23 0.142690 0.162237 0.022674 0.071982
23 0.197420 0.188261 0.035184 0.104097
23 0.233776 0.174973 0.021892 0.088593
23 0.283425 0.182725 0.033620 0.112957
23 0.313527 0.181617 0.029711 0.104098
23 0.370211 0.174972 0.035184 0.106312
23 0.405786 0.190476 0.031274 0.093023
23 0.447615 0.169435 0.044566 0.112957
23 0.494136 0.169435 0.034402 0.106312
23 0.574667 0.177740 0.031275 0.100775
23 0.603597 0.174973 0.025019 0.090809
23 0.663018 0.179402 0.025020 0.075304
23 0.689210 0.169435 0.025801 0.077519
23 0.702111 0.198782 0.043784 0.040974
23 0.730649 0.161129 0.017982 0.067553
23 0.749413 0.214286 0.052385 0.045404
23 0.761532 0.165005 0.031275 0.075305
23 0.824472 0.185493 0.025801 0.067552
23 0.867474 0.310077 0.061767 0.073089
23 0.856919 0.163345 0.020329 0.056479
23 0.887022 0.173865 0.016419 0.059800
23 0.933542 0.155038 0.014074 0.050941
23 0.950743 0.160576 0.015637 0.039867
23 0.965207 0.160576 0.014855 0.033222
23 0.993745 0.164452 0.010946 0.036545
