23 0.171875 0.275000 0.108750 0.203334
23 0.195625 0.869166 0.176250 0.258333
23 0.337500 0.335000 0.075000 0.170000
23 0.394375 0.358334 0.086250 0.236667
23 0.462500 0.557500 0.107500 0.361666
23 0.573125 0.268334 0.071250 0.183333
23 0.591875 0.315834 0.096250 0.138333
23 0.608750 0.565000 0.097500 0.306666
23 0.705000 0.326667 0.122500 0.240000
23 0.680625 0.279167 0.071250 0.205000
23 0.777500 0.291667 0.070000 0.240000
23 0.909375 0.896666 0.168750 0.203333
23 0.928125 0.305833 0.073750 0.245000
23 0.946875 0.774167 0.103750 0.271667
