23 0.037500 0.781562 0.075000 0.085625
23 0.054741 0.822812 0.073276 0.109375
23 0.134052 0.774687 0.066379 0.089375
23 0.238793 0.753437 0.082758 0.063125
23 0.267241 0.881250 0.115517 0.090000
23 0.292673 0.730312 0.087069 0.064375
23 0.350431 0.753125 0.080172 0.097500
23 0.418965 0.713437 0.084483 0.044375
23 0.444828 0.745938 0.075862 0.058125
23 0.480173 0.725313 0.056897 0.054375
23 0.515949 0.837187 0.080173 0.104375
23 0.552155 0.701250 0.068104 0.085000
23 0.544828 0.494687 0.044827 0.044375
23 0.629742 0.680625 0.059483 0.075000
23 0.740517 0.655938 0.072414 0.049375
23 0.751293 0.615625 0.042242 0.051250
23 0.770259 0.597187 0.042241 0.054375
23 0.786638 0.632187 0.047414 0.073125
23 0.856035 0.726875 0.143103 0.031250
23 0.834483 0.574688 0.044828 0.054375
23 0.870258 0.602187 0.062931 0.048125
23 0.900862 0.720000 0.068966 0.078750
23 0.900862 0.565625 0.053448 0.056250
23 0.963362 0.576563 0.071552 0.071875
23 0.984914 0.560312 0.028448 0.066875
