23 0.409062 0.789399 0.123125 0.269231
23 0.025938 0.149624 0.043125 0.119137
23 0.038125 0.174484 0.057500 0.151970
23 0.185312 0.563321 0.183125 0.250469
23 0.216875 0.291745 0.097500 0.151970
23 0.230937 0.710600 0.108125 0.205441
23 0.243125 0.417449 0.106250 0.204503
23 0.426250 0.552064 0.147500 0.254221
23 0.417500 0.396341 0.101250 0.192307
23 0.529375 0.486867 0.100000 0.242026
23 0.602500 0.682458 0.112500 0.276736
23 0.674375 0.587243 0.102500 0.163227
23 0.767813 0.626642 0.105625 0.238274
