23 0.008000 0.114000 0.016000 0.064000
23 0.043667 0.825000 0.087333 0.104000
23 0.499667 0.510000 0.999333 0.734000
23 0.024334 0.131500 0.016667 0.055000
23 0.042333 0.143000 0.019333 0.040000
23 0.137000 0.199000 0.015334 0.056000
23 0.171000 0.892000 0.023334 0.058000
23 0.193000 0.983000 0.020666 0.032000
23 0.196666 0.860500 0.025333 0.079000
23 0.235667 0.935500 0.024667 0.075000
23 0.254333 0.974500 0.023333 0.049000
23 0.311000 0.851500 0.026000 0.069000
23 0.311000 0.969500 0.023334 0.059000
23 0.323666 0.836000 0.023333 0.062000
23 0.327666 0.968500 0.015333 0.061000
23 0.346000 0.964500 0.029334 0.069000
23 0.345000 0.839000 0.024666 0.078000
23 0.365333 0.975500 0.026667 0.047000
23 0.443666 0.969500 0.027333 0.059000
23 0.464000 0.957500 0.029334 0.077000
23 0.510333 0.924500 0.027333 0.065000
23 0.519334 0.895000 0.021333 0.064000
23 0.640667 0.889000 0.189333 0.136000
23 0.761333 0.946000 0.016000 0.082000
23 0.851000 0.167000 0.044666 0.046000
23 0.872333 0.262500 0.024667 0.065000
