23 0.842812 0.766440 0.065625 0.188208
23 0.022812 0.775510 0.045625 0.251701
23 0.045313 0.599206 0.024375 0.069161
23 0.076563 0.659297 0.035625 0.116780
23 0.088750 0.676871 0.037500 0.077098
23 0.115000 0.701247 0.051250 0.130386
23 0.164687 0.667801 0.026875 0.081633
23 0.169063 0.735828 0.035625 0.088435
23 0.236875 0.750000 0.063750 0.200680
23 0.271250 0.738662 0.056250 0.205216
23 0.332813 0.886054 0.130625 0.119047
23 0.318125 0.746598 0.062500 0.173469
23 0.329063 0.650227 0.023125 0.073696
23 0.375625 0.775510 0.055000 0.190476
23 0.368750 0.678005 0.015000 0.056689
23 0.414687 0.722223 0.025625 0.088435
23 0.443750 0.745465 0.040000 0.148526
23 0.470625 0.768707 0.045000 0.102041
23 0.480313 0.495465 0.038125 0.156462
23 0.536563 0.665533 0.038125 0.090703
23 0.579688 0.757370 0.065625 0.195011
23 0.597500 0.674603 0.018750 0.058957
23 0.617813 0.688775 0.021875 0.066893
23 0.649375 0.776644 0.053750 0.165532
23 0.649375 0.662132 0.031250 0.079365
23 0.667813 0.667801 0.016875 0.090703
23 0.693438 0.692743 0.026875 0.081633
23 0.714063 0.794218 0.058125 0.157596
23 0.739062 0.660431 0.023125 0.044218
23 0.746563 0.730159 0.028125 0.086168
23 0.766563 0.666100 0.021875 0.051020
23 0.787813 0.675737 0.020625 0.088436
23 0.889687 0.713152 0.029375 0.070294
23 0.922813 0.759071 0.034375 0.121315
23 0.957500 0.746599 0.037500 0.105442
