23 0.435615 0.423828 0.274942 0.269532
23 0.023202 0.455860 0.032482 0.046093
23 0.109049 0.443751 0.051044 0.084375
23 0.138051 0.460156 0.032482 0.062500
23 0.168793 0.450000 0.012761 0.054688
23 0.189095 0.468750 0.027842 0.051562
23 0.222158 0.449609 0.063805 0.078906
23 0.265082 0.453906 0.038283 0.053125
23 0.307424 0.452344 0.046403 0.032813
23 0.341067 0.454297 0.030162 0.042968
23 0.376450 0.445703 0.040604 0.057031
23 0.394431 0.460156 0.009281 0.031250
23 0.527262 0.453125 0.015081 0.031250
23 0.548724 0.455078 0.027842 0.024218
23 0.585847 0.455859 0.034802 0.022656
23 0.634571 0.447266 0.025522 0.028906
23 0.657193 0.460938 0.015081 0.021875
23 0.709397 0.450781 0.068446 0.073438
23 0.762181 0.455859 0.025522 0.036719
23 0.781903 0.467969 0.025522 0.032813
23 0.799304 0.455859 0.027842 0.036719
23 0.830627 0.472265 0.076567 0.021093
23 0.851508 0.454297 0.030162 0.022656
23 0.879351 0.458594 0.034803 0.020312
23 0.920533 0.458203 0.035963 0.024219
23 0.946636 0.445312 0.023202 0.032813
23 0.973318 0.447265 0.025522 0.042969
