23 0.029375 0.455724 0.036250 0.095033
23 0.044375 0.589633 0.046250 0.138229
23 0.070000 0.495681 0.030000 0.118791
23 0.088125 0.521598 0.058750 0.144708
23 0.111875 0.355292 0.033750 0.075594
23 0.122500 0.438445 0.035000 0.086393
23 0.134375 0.602592 0.056250 0.082074
23 0.175625 0.414687 0.028750 0.077754
23 0.176875 0.341253 0.026250 0.043197
23 0.186875 0.558315 0.046250 0.127430
23 0.187500 0.656587 0.047500 0.069115
23 0.256250 0.571275 0.045000 0.157667
23 0.270625 0.436285 0.023750 0.120950
23 0.311875 0.553996 0.028750 0.127430
23 0.312500 0.413607 0.025000 0.101512
23 0.351250 0.840173 0.075000 0.250540
23 0.353125 0.482721 0.063750 0.174946
23 0.351250 0.579913 0.045000 0.097193
23 0.388750 0.508640 0.052500 0.118791
23 0.390000 0.683585 0.050000 0.183585
23 0.423750 0.614471 0.057500 0.153348
23 0.448750 0.464363 0.035000 0.151188
23 0.482500 0.464363 0.042500 0.090713
23 0.480625 0.564795 0.026250 0.079914
23 0.501875 0.218142 0.036250 0.112311
23 0.505000 0.556156 0.030000 0.084233
23 0.525625 0.492441 0.043750 0.146869
23 0.568750 0.546436 0.042500 0.107991
23 0.588125 0.379050 0.033750 0.075594
23 0.646875 0.419006 0.021250 0.077753
23 0.675000 0.514039 0.047500 0.151188
23 0.677500 0.330454 0.022500 0.090713
23 0.712500 0.476242 0.035000 0.123110
23 0.718750 0.371490 0.042500 0.103672
23 0.721250 0.573434 0.040000 0.127430
23 0.752500 0.495680 0.047500 0.153348
23 0.760000 0.407127 0.027500 0.079913
23 0.768125 0.371490 0.038750 0.077754
23 0.782500 0.335853 0.030000 0.079914
23 0.838125 0.453563 0.046250 0.138229
23 0.833750 0.366091 0.035000 0.075594
23 0.900625 0.438445 0.056250 0.151188
23 0.953125 0.414687 0.041250 0.120950
